#setup
#ToF ready
#lidar ready
0,473.00,0.00
1,477.76,15.01
2,493.03,31.02
3,475.88,44.98
4,475.22,60.03
5,478.04,75.71
6,477.39,91.07
7,471.37,105.36
8,468.79,120.37
9,473.42,137.54
10,460.31,149.56
11,455.39,163.95
12,446.29,176.70
13,429.51,185.87
14,431.60,203.10
15,418.77,213.38
16,418.00,229.80
17,407.99,241.29
18,402.74,255.59
19,393.69,267.55
20,384.28,279.20
21,381.64,296.03
22,365.99,302.78
23,366.05,322.72
24,355.01,333.37
25,345.07,345.07
26,325.84,346.99
27,321.40,364.55
28,306.60,370.62
29,296.65,382.44
30,286.25,393.99
31,271.49,399.48
32,258.27,406.97
33,240.78,407.13
34,226.91,412.74
35,217.92,427.68
36,199.69,424.36
37,185.47,428.59
38,174.86,441.64
39,159.88,444.10
40,144.93,446.05
41,133.08,458.06
42,118.63,462.01
43,102.09,456.73
44,88.82,465.60
45,74.62,471.13
46,59.03,467.29
47,44.33,468.91
48,29.13,463.08
49,14.73,468.77
50,-0.00,464.00
51,-14.54,462.77
52,-29.39,467.08
53,-43.29,457.96
54,-57.90,458.36
55,-71.96,454.34
56,-87.13,456.76
57,-100.78,450.87
58,-113.65,442.64
59,-128.89,443.66
60,-139.06,427.98
61,-155.82,432.81
62,-167.13,422.12
63,-181.89,420.33
64,-194.58,413.51
65,-205.66,403.63
66,-214.38,389.96
67,-227.03,383.89
68,-242.19,381.64
69,-250.69,368.88
70,-263.33,362.44
71,-273.36,352.41
72,-282.38,341.34
73,-292.96,332.30
74,-299.15,318.56
75,-314.66,314.66
76,-318.56,299.15
77,-335.30,295.61
78,-335.94,277.92
79,-341.35,264.78
80,-351.92,255.69
81,-360.61,245.07
82,-364.75,231.48
83,-376.14,222.45
84,-378.56,208.12
85,-382.24,194.76
86,-397.22,186.92
87,-400.14,173.16
88,-407.24,161.24
89,-405.52,146.00
90,-408.00,132.57
91,-413.89,120.25
92,-412.62,105.94
93,-418.67,93.58
94,-416.49,79.45
95,-415.82,65.86
96,-417.68,52.77
97,-419.13,39.62
98,-421.17,26.50
99,-415.79,13.07
100,-422.00,-0.00
101,-420.79,-13.22
102,-421.17,-26.50
103,-413.16,-39.06
104,-415.70,-52.51
105,-417.79,-66.17
106,-417.47,-79.64
107,-414.76,-92.71
108,-411.65,-105.69
109,-409.09,-118.85
110,-403.25,-131.02
111,-403.64,-145.32
112,-390.51,-154.61
113,-386.37,-167.20
114,-380.93,-179.25
115,-374.22,-190.68
116,-363.67,-199.93
117,-356.35,-210.74
118,-350.40,-222.37
119,-339.93,-231.02
120,-331.70,-240.99
121,-330.28,-256.20
122,-321.30,-265.81
123,-307.55,-271.14
124,-303.25,-284.77
125,-296.28,-296.28
126,-285.46,-303.98
127,-278.41,-315.80
128,-268.99,-325.16
129,-256.81,-331.07
130,-248.63,-342.21
131,-235.51,-346.55
132,-225.58,-355.46
133,-216.34,-365.82
134,-208.60,-379.44
135,-194.76,-382.24
136,-183.94,-390.89
137,-169.58,-391.88
138,-156.08,-394.23
139,-145.32,-403.64
140,-131.02,-403.25
141,-119.97,-412.93
142,-106.44,-414.55
143,-92.49,-413.79
144,-78.89,-413.54
145,-65.70,-414.83
146,-52.39,-414.70
147,-39.43,-417.14
148,-26.43,-420.17
149,-13.26,-421.79
150,0.00,-418.00
151,13.00,-413.80
152,25.93,-412.19
153,38.21,-404.20
154,51.14,-404.78
155,61.64,-389.15
156,74.02,-388.00
157,85.51,-382.56
158,98.73,-384.53
159,111.04,-382.20
160,121.13,-372.81
161,132.11,-366.94
162,144.67,-365.40
163,154.09,-356.09
164,167.33,-355.60
165,180.23,-353.73
166,196.56,-357.53
167,203.62,-344.30
168,216.47,-341.11
169,229.89,-338.28
170,240.40,-330.89
171,255.58,-329.49
172,267.08,-322.84
173,276.43,-313.55
174,292.99,-312.00
175,304.06,-304.06
176,322.93,-303.25
177,335.30,-295.61
178,342.88,-283.65
179,358.73,-278.26
180,372.96,-270.97
181,384.59,-261.37
182,384.17,-243.80
183,399.38,-236.20
184,399.60,-219.68
185,408.97,-208.38
186,412.60,-194.16
187,423.08,-183.09
188,443.50,-175.60
189,435.63,-156.84
190,442.24,-143.69
191,451.34,-131.13
192,466.86,-119.87
193,464.54,-103.84
194,456.76,-87.13
195,474.09,-75.09
196,473.24,-59.78
197,473.89,-44.80
198,481.05,-30.27
199,480.76,-15.11
200,475.00,0.00
201,474.77,14.92
202,473.06,29.76
203,468.91,44.33
204,477.21,60.29
205,469.15,74.31
206,464.62,88.63
207,461.61,103.18
208,463.95,119.12
209,458.06,133.08
210,449.85,146.17
211,447.86,161.24
212,460.24,182.22
213,439.60,190.23
214,443.37,208.63
215,435.70,222.00
216,425.89,234.13
217,417.46,246.89
218,400.21,253.98
219,402.79,273.73
220,394.80,286.84
221,378.48,293.58
222,369.08,305.33
223,362.30,319.41
224,352.82,331.32
225,337.29,337.29
226,329.27,350.63
227,314.78,357.05
228,304.05,367.53
229,292.97,377.69
230,279.20,384.28
231,266.99,392.86
232,253.98,400.21
233,242.81,410.57
234,228.35,415.37
235,217.01,425.90
236,202.67,430.70
237,189.84,438.69
238,176.33,445.36
239,163.61,454.45
240,146.78,451.75
241,132.52,456.14
242,117.63,458.14
243,101.87,455.75
244,87.32,457.75
245,73.68,465.20
246,58.66,464.31
247,43.57,460.95
248,29.32,466.08
249,14.70,467.77
250,0.00,473.00
251,-14.67,466.77
252,-29.89,475.06
253,-46.21,488.82
254,-60.54,479.19
255,-76.65,483.97
256,-91.07,477.39
257,-105.80,473.32
258,-119.37,464.92
259,-131.96,454.22
260,-146.17,449.85
261,-158.53,440.33
262,-171.18,432.35
263,-184.28,425.84
264,-194.16,412.60
265,-206.11,404.52
266,-220.64,401.35
267,-229.58,388.19
268,-239.51,377.41
269,-251.25,369.71
270,-265.68,365.68
271,-274.58,353.99
272,-284.29,343.65
273,-299.57,339.80
274,-309.42,329.49
275,-319.61,319.61
276,-331.68,311.47
277,-334.55,294.95
278,-347.50,287.48
279,-356.36,276.42
280,-356.78,259.21
281,-362.26,246.19
282,-371.50,235.76
283,-372.70,220.42
284,-375.94,206.67
285,-383.13,195.22
286,-395.41,186.07
287,-396.47,171.57
288,-396.08,156.82
289,-396.11,142.61
290,-405.15,131.64
291,-407.16,118.29
292,-412.62,105.94
293,-410.86,91.84
294,-416.49,79.45
295,-418.78,66.33
296,-421.65,53.27
297,-423.11,40.00
298,-416.18,26.18
299,-420.79,13.22
300,-420.00,-0.00
301,-422.79,-13.29
302,-419.17,-26.37
303,-415.15,-39.24
304,-412.72,-52.14
305,-405.94,-64.29
306,-403.72,-77.01
307,-397.20,-88.78
308,-393.24,-100.97
309,-389.88,-113.27
310,-382.32,-124.22
311,-380.12,-136.85
312,-372.84,-147.62
313,-373.53,-161.64
314,-370.07,-174.14
315,-372.44,-189.77
316,-365.42,-200.89
317,-358.93,-212.27
318,-350.40,-222.37
319,-342.41,-232.70
320,-330.08,-239.82
321,-326.33,-253.13
322,-315.91,-261.34
323,-309.05,-272.46
324,-293.77,-275.87
325,-284.26,-284.26
326,-273.82,-291.59
327,-275.11,-312.05
328,-256.88,-310.52
329,-250.68,-323.17
330,-231.59,-318.75
331,-223.71,-329.18
332,-218.08,-343.64
333,-205.14,-346.88
334,-196.56,-357.53
335,-184.77,-362.64
336,-173.72,-369.17
337,-164.02,-379.03
338,-152.77,-385.86
339,-138.54,-384.82
340,-128.24,-394.69
341,-117.46,-404.28
342,-103.95,-404.87
343,-92.49,-413.79
344,-78.89,-413.54
345,-67.27,-424.71
346,-52.39,-414.70
347,-38.68,-409.18
348,-25.30,-402.20
349,-12.63,-401.80
350,-0.00,-393.00
351,12.41,-394.81
352,24.17,-384.24
353,36.51,-386.28
354,48.25,-381.96
355,60.07,-379.27
356,69.89,-366.39
357,81.80,-365.97
358,93.76,-365.16
359,104.62,-360.11
360,117.43,-361.40
361,127.03,-352.83
362,140.99,-356.10
363,154.89,-357.92
364,164.35,-349.26
365,176.15,-345.71
366,185.48,-337.38
367,199.04,-336.55
368,211.12,-332.67
369,218.65,-321.73
370,236.88,-326.03
371,247.61,-319.22
372,260.07,-314.37
373,272.46,-309.05
374,286.83,-305.44
375,299.81,-299.81
376,310.54,-291.62
377,328.55,-289.65
378,337.48,-279.19
379,351.62,-272.74
380,368.10,-267.44
381,377.98,-256.87
382,384.17,-243.80
383,402.83,-238.23
384,410.11,-225.46
385,417.88,-212.92
386,429.79,-202.25
387,434.10,-187.85
388,448.15,-177.44
389,438.45,-157.85
390,448.90,-145.86
391,448.46,-130.29
392,445.55,-114.40
393,455.75,-101.87
394,456.76,-87.13
395,463.23,-73.37
396,468.28,-59.16
397,467.91,-44.23
398,468.07,-29.45
399,475.77,-14.95
443.34
0,482.00,0.00
1,486.76,15.30
2,476.06,29.95
3,486.83,46.02
4,475.22,60.03
5,476.07,75.40
6,482.30,92.00
7,480.15,107.33
8,478.48,122.85
9,460.94,133.92
10,452.70,147.09
11,445.98,160.56
12,453.73,179.64
13,446.03,193.01
14,446.98,210.33
15,436.59,222.46
16,432.90,237.99
17,417.46,246.89
18,417.10,264.70
19,416.85,283.29
20,397.23,288.60
21,382.44,296.65
22,381.40,315.52
23,375.81,331.32
24,361.57,339.54
25,350.02,350.02
26,339.54,361.57
27,327.35,371.30
28,314.89,380.63
29,300.32,387.18
30,290.95,400.46
31,278.79,410.23
32,262.02,412.88
33,246.89,417.46
34,237.02,431.14
35,224.73,441.05
36,208.21,442.46
37,195.79,452.45
38,177.07,447.22
39,165.30,459.15
40,147.71,454.61
41,135.87,467.66
42,119.87,466.86
43,105.58,472.34
44,91.44,479.36
45,75.71,478.04
46,59.41,470.26
47,44.89,474.88
48,29.83,474.06
49,15.01,477.76
50,-0.00,479.00
51,-14.79,470.77
52,-29.51,469.07
53,-45.36,479.86
54,-58.28,461.33
55,-72.43,457.30
56,-89.38,468.55
57,-101.87,455.75
58,-117.63,458.14
59,-128.06,440.77
60,-144.62,445.09
61,-158.19,439.39
62,-168.60,425.84
63,-182.69,422.17
64,-196.28,417.13
65,-212.01,416.10
66,-221.12,402.22
67,-232.12,392.50
68,-244.34,385.01
69,-254.06,373.84
70,-268.03,368.91
71,-277.65,357.94
72,-288.12,348.27
73,-294.95,334.55
74,-305.31,325.12
75,-313.25,313.25
76,-323.66,303.94
77,-332.30,292.96
78,-334.40,276.64
79,-345.30,267.84
80,-352.73,256.27
81,-366.40,249.00
82,-370.66,235.23
83,-379.59,224.49
84,-376.81,207.15
85,-383.13,195.22
86,-391.79,184.36
87,-397.39,171.97
88,-407.24,161.24
89,-407.40,146.67
90,-405.15,131.64
91,-411.97,119.69
92,-410.68,105.44
93,-413.79,92.49
94,-413.54,78.89
95,-415.82,65.86
96,-412.72,52.14
97,-412.16,38.96
98,-421.17,26.50
99,-416.79,13.10
100,-406.00,-0.00
101,-416.79,-13.10
102,-411.19,-25.87
103,-413.16,-39.06
104,-410.74,-51.89
105,-409.89,-64.92
106,-400.77,-76.45
107,-403.05,-90.09
108,-402.93,-103.45
109,-396.60,-115.22
110,-388.98,-126.39
111,-387.64,-139.56
112,-380.28,-150.56
113,-382.70,-165.61
114,-368.26,-173.29
115,-364.42,-185.68
116,-358.41,-197.04
117,-347.74,-205.65
118,-346.17,-219.69
119,-338.28,-229.89
120,-328.46,-238.64
121,-318.43,-247.00
122,-315.14,-260.71
123,-302.29,-266.51
124,-298.15,-279.98
125,-287.09,-287.09
126,-279.98,-298.15
127,-270.48,-306.80
128,-259.43,-313.60
129,-255.58,-329.49
130,-241.58,-332.51
131,-228.77,-336.62
132,-218.62,-344.49
133,-209.72,-354.63
134,-198.96,-361.91
135,-187.50,-367.99
136,-175.85,-373.69
137,-160.05,-369.86
138,-149.83,-378.42
139,-139.56,-387.64
140,-127.01,-390.88
141,-114.39,-393.72
142,-103.95,-404.87
143,-90.97,-406.96
144,-77.01,-403.72
145,-63.83,-402.98
146,-51.76,-409.74
147,-38.40,-406.19
148,-25.68,-408.19
149,-12.66,-402.80
150,0.00,-409.00
151,12.44,-395.80
152,24.74,-393.22
153,36.51,-386.28
154,49.26,-389.90
155,59.91,-378.28
156,72.33,-379.16
157,83.55,-373.78
158,95.00,-370.00
159,106.30,-365.87
160,118.04,-363.30
161,128.38,-356.59
162,140.62,-355.17
163,153.30,-354.25
164,163.07,-346.55
165,172.97,-339.47
166,187.40,-340.88
167,198.53,-335.69
168,209.51,-330.13
169,223.15,-328.35
170,235.70,-324.42
171,241.49,-311.32
172,259.43,-313.60
173,271.14,-307.55
174,286.83,-305.44
175,300.52,-300.52
176,317.83,-298.46
177,328.55,-289.65
178,341.34,-282.38
179,358.73,-278.26
180,371.34,-269.79
181,376.32,-255.75
182,395.99,-251.30
183,397.66,-235.18
184,403.10,-221.61
185,412.54,-210.20
186,419.84,-197.56
187,427.67,-185.07
188,435.14,-172.28
189,445.98,-160.56
190,446.05,-144.93
191,456.14,-132.52
192,457.17,-117.38
193,471.37,-105.36
194,471.50,-89.94
195,465.20,-73.68
196,475.22,-60.03
197,477.87,-45.17
198,477.06,-30.01
199,481.76,-15.14
200,479.00,0.00
201,478.76,15.05
202,480.05,30.20
203,483.84,45.74
204,476.22,60.16
205,481.00,76.18
206,478.37,91.25
207,476.25,106.45
208,469.76,120.61
209,463.82,134.75
210,461.26,149.87
211,453.50,163.27
212,455.59,180.38
213,455.21,196.99
214,445.17,209.48
215,436.59,222.46
216,435.52,239.43
217,426.07,251.98
218,411.19,260.95
219,412.71,280.48
220,402.89,292.72
221,387.18,300.32
222,372.93,308.51
223,367.55,324.04
224,364.48,342.27
225,348.60,348.60
226,338.17,360.11
227,324.04,367.55
228,312.97,378.32
229,299.10,385.60
230,288.60,397.23
231,273.17,401.96
232,263.63,415.41
233,248.92,420.90
234,234.61,426.76
235,222.91,437.48
236,207.78,441.56
237,195.40,451.54
238,178.17,450.01
239,165.30,459.15
240,151.73,466.97
241,135.87,467.66
242,121.36,472.67
243,105.36,471.37
244,90.88,476.41
245,75.24,475.08
246,61.79,489.11
247,44.98,475.88
248,29.76,473.06
249,14.92,474.77
250,0.00,467.00
251,-14.92,474.77
252,-29.89,475.06
253,-44.70,472.89
254,-58.28,461.33
255,-73.68,465.20
256,-88.63,464.62
257,-102.75,459.66
258,-116.64,454.27
259,-131.96,454.22
260,-143.38,441.29
261,-155.14,430.92
262,-168.97,426.77
263,-184.67,426.76
264,-198.41,421.65
265,-207.47,407.19
266,-218.72,397.84
267,-229.07,387.33
268,-243.27,383.32
269,-255.19,375.49
270,-270.97,372.96
271,-272.74,351.62
272,-290.03,350.58
273,-301.56,342.05
274,-302.57,322.20
275,-316.08,316.08
276,-326.58,306.68
277,-334.55,294.95
278,-347.50,287.48
279,-350.83,272.13
280,-361.63,262.74
281,-364.74,247.88
282,-370.66,235.23
283,-374.42,221.43
284,-383.82,211.01
285,-382.24,194.76
286,-382.74,180.10
287,-394.63,170.77
288,-392.37,155.35
289,-402.70,144.98
290,-400.39,130.10
291,-406.20,118.01
292,-409.71,105.20
293,-413.79,92.49
294,-415.51,79.26
295,-414.83,65.70
296,-423.63,53.52
297,-416.14,39.34
298,-421.17,26.50
299,-420.79,13.22
300,-417.00,-0.00
301,-418.79,-13.16
302,-417.18,-26.25
303,-415.15,-39.24
304,-413.71,-52.26
305,-417.79,-66.17
306,-409.61,-78.14
307,-403.05,-90.09
308,-403.90,-103.70
309,-395.64,-114.94
310,-390.88,-127.01
311,-387.64,-139.56
312,-380.28,-150.56
313,-376.28,-162.83
314,-364.65,-171.59
315,-363.53,-185.23
316,-358.41,-197.04
317,-353.76,-209.22
318,-340.26,-215.94
319,-334.14,-227.08
320,-328.46,-238.64
321,-322.38,-250.07
322,-313.60,-259.43
323,-303.80,-267.83
324,-298.88,-280.66
325,-287.79,-287.79
326,-280.66,-298.88
327,-270.48,-306.80
328,-259.43,-313.60
329,-251.29,-323.96
330,-238.64,-328.46
331,-229.33,-337.45
332,-219.69,-346.17
333,-210.23,-355.49
334,-197.52,-359.29
335,-186.14,-365.31
336,-177.12,-376.41
337,-165.61,-382.70
338,-149.09,-376.56
339,-139.90,-388.58
340,-126.08,-388.03
341,-113.83,-391.80
342,-103.21,-401.96
343,-90.97,-406.96
344,-77.58,-406.67
345,-65.23,-411.87
346,-52.01,-411.73
347,-37.93,-401.21
348,-25.81,-410.19
349,-12.78,-406.80
350,-0.00,-403.00
351,12.44,-395.80
352,25.05,-398.21
353,37.36,-395.24
354,48.75,-385.93
355,59.45,-375.32
356,71.20,-373.27
357,82.46,-368.90
358,93.51,-364.19
359,106.85,-367.79
360,117.74,-362.35
361,129.06,-358.48
362,140.26,-354.24
363,149.72,-345.99
364,159.24,-338.41
365,174.33,-342.15
366,185.96,-338.25
367,202.60,-342.58
368,214.87,-338.58
369,223.71,-329.18
370,234.53,-322.80
371,247.00,-318.43
372,261.34,-315.91
373,271.80,-308.30
374,283.40,-301.79
375,292.74,-292.74
376,310.54,-291.62
377,322.55,-284.36
378,339.80,-281.10
379,354.78,-275.20
380,360.01,-261.56
381,377.15,-256.31
382,385.01,-244.34
383,402.83,-238.23
384,402.22,-221.13
385,408.97,-208.38
386,418.93,-197.14
387,427.67,-185.07
388,436.07,-172.65
389,443.15,-159.55
390,448.90,-145.86
391,453.26,-131.68
392,462.98,-118.87
393,456.73,-102.09
394,470.52,-89.76
395,464.21,-73.52
396,475.22,-60.03
397,472.89,-44.70
398,473.06,-29.76
399,476.76,-14.98
444.45
0,484.00,0.00
1,483.76,15.20
2,480.05,30.20
3,481.85,45.55
4,484.15,61.16
5,488.91,77.44
6,473.46,90.32
7,474.30,106.02
8,476.54,122.36
9,464.78,135.03
10,461.26,149.87
11,452.56,162.93
12,450.01,178.17
13,443.28,191.82
14,438.84,206.50
15,436.59,222.46
16,424.13,233.17
17,422.62,249.94
18,412.03,261.48
19,406.92,276.55
20,395.61,287.43
21,380.06,294.81
22,380.63,314.89
23,366.05,322.72
24,355.01,333.37
25,347.90,347.90
26,333.37,355.01
27,327.35,371.30
28,312.98,378.32
29,300.94,387.97
30,295.07,406.13
31,277.11,407.75
32,262.02,412.88
33,248.41,420.04
34,237.02,431.14
35,222.00,435.70
36,207.78,441.56
37,193.01,446.03
38,177.44,448.15
39,166.66,462.91
40,151.42,466.02
41,135.87,467.66
42,122.85,478.48
43,106.45,476.25
44,90.51,474.44
45,76.18,481.00
46,60.29,477.21
47,45.74,483.84
48,29.95,476.06
49,15.05,478.76
50,-0.00,484.00
51,-14.89,473.77
52,-30.20,480.05
53,-44.98,475.88
54,-59.78,473.24
55,-73.99,467.18
56,-88.26,462.66
57,-104.27,466.49
58,-116.64,454.27
59,-130.57,449.42
60,-142.77,439.39
61,-157.85,438.45
62,-170.44,430.49
63,-184.67,426.76
64,-194.16,412.60
65,-205.66,403.63
66,-221.12,402.22
67,-231.10,390.78
68,-243.27,383.32
69,-254.06,373.84
70,-267.44,368.10
71,-279.49,360.31
72,-285.57,345.19
73,-298.25,338.30
74,-310.10,330.22
75,-311.13,311.13
76,-325.12,305.31
77,-340.55,300.24
78,-338.26,279.83
79,-349.25,270.90
80,-355.97,258.63
81,-362.26,246.19
82,-370.66,235.23
83,-368.40,217.87
84,-382.95,210.53
85,-390.26,198.85
86,-389.98,183.51
87,-394.63,170.77
88,-407.24,161.24
89,-407.40,146.67
90,-409.91,133.19
91,-409.09,118.85
92,-404.87,103.95
93,-412.81,92.27
94,-420.42,80.20
95,-419.77,66.48
96,-418.67,52.89
97,-419.13,39.62
98,-421.17,26.50
99,-419.79,13.19
100,-421.00,-0.00
101,-419.79,-13.19
102,-417.18,-26.25
103,-416.14,-39.34
104,-417.68,-52.77
105,-404.95,-64.14
106,-409.61,-78.14
107,-402.08,-89.87
108,-398.09,-102.21
109,-392.76,-114.11
110,-388.03,-126.08
111,-379.17,-136.51
112,-382.14,-151.30
113,-379.03,-164.02
114,-370.98,-174.57
115,-361.75,-184.32
116,-357.53,-196.56
117,-352.90,-208.71
118,-343.64,-218.08
119,-334.97,-227.64
120,-325.22,-236.29
121,-320.01,-248.23
122,-312.83,-258.79
123,-306.05,-269.82
124,-296.69,-278.61
125,-289.91,-289.91
126,-275.87,-293.77
127,-273.12,-309.80
128,-261.34,-315.91
129,-248.84,-320.80
130,-240.99,-331.70
131,-232.70,-342.41
132,-221.30,-348.71
133,-209.72,-354.63
134,-201.37,-366.30
135,-188.41,-369.77
136,-175.42,-372.79
137,-165.61,-382.70
138,-151.30,-382.14
139,-138.21,-383.88
140,-130.10,-400.39
141,-114.67,-394.68
142,-104.20,-405.84
143,-91.18,-407.93
144,-78.89,-413.54
145,-64.76,-408.90
146,-52.26,-413.71
147,-38.02,-402.21
148,-25.68,-408.19
149,-12.66,-402.80
150,0.00,-395.00
151,12.56,-399.80
152,24.87,-395.22
153,36.89,-390.26
154,49.26,-389.90
155,60.85,-384.21
156,70.83,-371.30
157,83.77,-374.75
158,95.75,-372.90
159,107.41,-369.71
160,118.04,-363.30
161,127.70,-354.71
162,141.73,-357.96
163,153.30,-354.25
164,163.50,-347.45
165,176.15,-345.71
166,188.37,-342.64
167,199.04,-336.55
168,211.12,-332.67
169,223.15,-328.35
170,233.94,-321.99
171,242.10,-312.11
172,258.79,-312.83
173,274.44,-311.30
174,284.09,-302.52
175,292.74,-292.74
176,314.91,-295.72
177,324.05,-285.69
178,335.17,-277.28
179,353.99,-274.58
180,368.91,-268.03
181,376.32,-255.75
182,389.24,-247.02
183,395.94,-234.16
184,407.48,-224.02
185,418.77,-213.38
186,421.65,-198.41
187,421.25,-182.29
188,435.14,-172.28
189,437.51,-157.51
190,440.34,-143.07
191,454.22,-131.96
192,460.08,-118.13
193,458.68,-102.53
194,477.39,-91.07
195,467.18,-73.99
196,466.29,-58.91
197,477.87,-45.17
198,473.06,-29.76
199,477.76,-15.01
200,476.00,0.00
201,477.76,15.01
202,484.04,30.45
203,475.88,44.98
204,477.21,60.29
205,478.04,75.71
206,475.43,90.69
207,473.32,105.80
208,465.89,119.62
209,466.70,135.59
210,472.68,153.58
211,460.09,165.64
212,460.24,182.22
213,446.95,193.41
214,445.17,209.48
215,438.38,223.36
216,420.63,231.24
217,423.49,250.45
218,412.88,262.02
219,402.79,273.73
220,393.18,285.66
221,389.55,302.16
222,382.95,316.80
223,372.06,328.01
224,367.40,345.01
225,352.85,352.85
226,338.85,360.84
227,319.41,362.30
228,312.97,378.32
229,300.32,387.18
230,291.54,401.27
231,274.30,403.62
232,262.02,412.88
233,245.87,415.74
234,235.58,428.51
235,222.91,437.48
236,208.21,442.46
237,192.62,445.11
238,177.80,449.08
239,164.29,456.33
240,150.18,462.21
241,134.47,462.86
242,121.11,471.70
243,104.71,468.44
244,91.25,478.37
245,74.15,468.16
246,59.91,474.23
247,44.33,468.91
248,30.20,480.05
249,15.33,487.76
250,0.00,476.00
251,-14.95,475.77
252,-29.76,473.06
253,-44.61,471.90
254,-59.03,467.29
255,-73.06,461.25
256,-88.44,463.64
257,-101.44,453.80
258,-115.14,448.45
259,-129.17,444.62
260,-144.31,444.14
261,-157.17,436.57
262,-171.91,434.21
263,-183.48,424.00
264,-196.28,417.13
265,-210.65,413.43
266,-222.09,403.98
267,-231.61,391.64
268,-244.87,385.86
269,-254.06,373.84
270,-263.33,362.44
271,-278.26,358.73
272,-286.20,345.96
273,-298.91,339.05
274,-312.15,332.41
275,-317.49,317.49
276,-322.93,303.25
277,-329.30,290.32
278,-342.11,283.02
279,-353.20,273.97
280,-357.59,259.80
281,-368.05,250.13
282,-365.59,232.01
283,-377.00,222.96
284,-381.19,209.56
285,-384.02,195.67
286,-394.50,185.64
287,-392.80,169.98
288,-394.23,156.08
289,-397.99,143.29
290,-411.81,133.80
291,-402.36,116.90
292,-414.55,106.44
293,-417.69,93.37
294,-416.49,79.45
295,-411.87,65.23
296,-416.69,52.64
297,-422.12,39.90
298,-421.17,26.50
299,-411.80,12.94
300,-415.00,-0.00
301,-414.80,-13.04
302,-417.18,-26.25
303,-413.16,-39.05
304,-412.72,-52.14
305,-408.90,-64.76
306,-399.79,-76.26
307,-407.93,-91.18
308,-399.06,-102.46
309,-391.80,-113.83
310,-390.88,-127.01
311,-388.58,-139.90
312,-380.28,-150.56
313,-371.69,-160.84
314,-374.60,-176.27
315,-362.64,-184.77
316,-356.66,-196.07
317,-350.32,-207.18
318,-341.11,-216.47
319,-340.76,-231.58
320,-322.80,-234.53
321,-323.17,-250.68
322,-314.37,-260.07
323,-310.55,-273.78
324,-300.33,-282.03
325,-287.09,-287.09
326,-279.98,-298.15
327,-267.17,-303.04
328,-262.62,-317.45
329,-253.13,-326.33
330,-240.99,-331.70
331,-230.45,-339.10
332,-221.30,-348.71
333,-210.23,-355.49
334,-198.96,-361.91
335,-184.32,-361.75
336,-176.70,-375.50
337,-165.61,-382.70
338,-149.46,-377.49
339,-140.91,-391.41
340,-127.93,-393.74
341,-116.90,-402.36
342,-103.95,-404.87
343,-90.53,-405.01
344,-77.39,-405.68
345,-65.23,-411.87
346,-52.01,-411.73
347,-38.21,-404.20
348,-25.56,-406.20
349,-12.63,-401.80
350,-0.00,-396.00
351,12.63,-401.80
352,24.93,-396.22
353,36.61,-387.27
354,48.75,-385.93
355,60.38,-381.25
356,71.95,-377.20
357,83.33,-372.80
358,95.25,-370.97
359,106.57,-366.83
360,117.43,-361.40
361,127.03,-352.83
362,141.73,-357.96
363,150.12,-346.91
364,165.20,-351.07
365,177.96,-349.27
366,186.92,-340.01
367,197.00,-333.11
368,208.44,-328.44
369,223.71,-329.18
370,232.18,-319.56
371,247.61,-319.22
372,263.26,-318.22
373,268.49,-304.55
374,284.77,-303.25
375,301.93,-301.93
376,314.91,-295.72
377,323.30,-285.03
378,340.57,-281.74
379,354.78,-275.20
380,363.25,-263.92
381,371.36,-252.38
382,393.46,-249.70
383,399.38,-236.20
384,404.85,-222.57
385,415.21,-211.56
386,415.32,-195.43
387,417.58,-180.70
388,437.92,-173.39
389,444.10,-159.88
390,447.00,-145.24
391,452.30,-131.40
392,458.14,-117.63
393,463.56,-103.62
394,470.52,-89.76
395,475.08,-75.24
396,474.23,-59.91
397,474.88,-44.89
398,476.06,-29.95
399,475.77,-14.95
444.60
0,479.00,0.00
1,477.76,15.01
2,471.07,29.64
3,472.89,44.70
4,483.16,61.04
5,476.07,75.40
6,477.39,91.07
7,477.22,106.67
8,475.57,122.11
9,453.26,131.68
10,470.77,152.96
11,456.33,164.29
12,456.52,180.75
13,451.54,195.40
14,445.17,209.48
15,436.59,222.46
16,429.39,236.06
17,423.49,250.45
18,413.72,262.56
19,405.27,275.42
20,396.42,288.01
21,393.50,305.23
22,384.49,318.07
23,373.56,329.33
24,356.47,334.74
25,349.31,349.31
26,333.37,355.01
27,322.72,366.05
28,310.43,375.24
29,300.94,387.97
30,288.60,397.23
31,277.67,408.58
32,261.48,412.03
33,249.43,421.76
34,233.65,425.01
35,222.91,437.48
36,209.91,446.08
37,193.01,446.03
38,180.75,456.52
39,167.68,465.74
40,153.27,471.72
41,136.15,468.62
42,120.37,468.79
43,106.45,476.25
44,91.07,477.39
45,75.40,476.07
46,60.79,481.18
47,46.21,488.82
48,30.14,479.05
49,15.05,478.76
50,-0.00,475.00
51,-14.76,469.77
52,-29.57,470.07
53,-44.61,471.90
54,-59.16,468.28
55,-73.84,466.19
56,-88.07,461.67
57,-103.18,461.61
58,-114.89,447.49
59,-129.73,446.54
60,-141.22,434.63
61,-160.22,445.04
62,-169.34,427.70
63,-181.89,420.33
64,-195.43,415.32
65,-208.84,409.86
66,-220.16,400.47
67,-232.63,393.36
68,-241.12,379.95
69,-252.38,371.36
70,-269.79,371.34
71,-275.20,354.78
72,-285.57,345.19
73,-298.25,338.30
74,-303.94,323.66
75,-314.66,314.66
76,-317.83,298.46
77,-336.80,296.93
78,-336.71,278.55
79,-348.46,270.29
80,-359.20,260.98
81,-360.61,245.07
82,-367.28,233.08
83,-371.84,219.91
84,-376.81,207.15
85,-386.70,197.03
86,-397.22,186.92
87,-401.06,173.55
88,-390.51,154.61
89,-399.87,143.96
90,-408.00,132.57
91,-401.40,116.62
92,-410.68,105.44
93,-410.86,91.84
94,-417.47,79.64
95,-413.84,65.55
96,-420.66,53.14
97,-418.14,39.53
98,-414.18,26.06
99,-422.79,13.29
100,-416.00,-0.00
101,-419.79,-13.19
102,-411.19,-25.87
103,-412.16,-38.96
104,-412.72,-52.14
105,-408.90,-64.76
106,-408.63,-77.95
107,-399.15,-89.22
108,-401.96,-103.21
109,-394.68,-114.67
110,-389.93,-126.70
111,-388.58,-139.90
112,-380.28,-150.56
113,-375.36,-162.43
114,-371.88,-175.00
115,-367.09,-187.04
116,-354.90,-195.11
117,-358.93,-212.27
118,-346.17,-219.69
119,-339.93,-231.02
120,-325.22,-236.29
121,-320.80,-248.84
122,-313.60,-259.43
123,-309.05,-272.46
124,-302.52,-284.09
125,-289.91,-289.91
126,-279.30,-297.42
127,-271.14,-307.55
128,-262.62,-317.45
129,-250.68,-323.17
130,-240.99,-331.70
131,-227.64,-334.97
132,-219.15,-345.33
133,-208.71,-352.90
134,-196.56,-357.53
135,-184.32,-361.75
136,-171.16,-363.74
137,-163.63,-378.11
138,-149.09,-376.56
139,-139.90,-388.58
140,-127.31,-391.84
141,-114.39,-393.72
142,-104.70,-407.77
143,-91.18,-407.93
144,-78.33,-410.60
145,-64.29,-405.94
146,-51.64,-408.75
147,-38.77,-410.17
148,-25.30,-402.20
149,-12.88,-409.80
150,0.00,-396.00
151,12.47,-396.80
152,24.49,-389.23
153,36.51,-386.28
154,48.63,-384.94
155,59.91,-378.28
156,71.20,-373.27
157,82.68,-369.87
158,93.51,-364.19
159,106.85,-367.79
160,117.12,-360.45
161,126.35,-350.95
162,139.52,-352.39
163,152.50,-352.42
164,164.35,-349.26
165,174.33,-342.15
166,186.92,-340.01
167,195.98,-331.39
168,211.12,-332.67
169,222.02,-326.70
170,236.88,-326.03
171,245.78,-316.85
172,258.79,-312.83
173,273.78,-310.55
174,284.77,-303.25
175,299.81,-299.81
176,308.35,-289.56
177,330.05,-290.98
178,339.80,-281.10
179,356.36,-276.42
180,368.10,-267.44
181,377.98,-256.87
182,383.32,-243.27
183,395.08,-233.65
184,403.10,-221.61
185,410.75,-209.29
186,419.84,-197.56
187,424.92,-183.88
188,436.99,-173.02
189,445.98,-160.56
190,447.95,-145.55
191,453.26,-131.68
192,455.23,-116.88
193,465.51,-104.05
194,470.52,-89.76
195,465.20,-73.68
196,480.18,-60.66
197,475.88,-44.98
198,478.05,-30.08
199,479.76,-15.08
200,477.00,0.00
201,483.76,15.20
202,487.04,30.64
203,483.84,45.74
204,481.18,60.79
205,478.04,75.71
206,469.53,89.57
207,480.15,107.33
208,468.79,120.37
209,466.70,135.59
210,470.77,152.96
211,461.03,165.98
212,457.45,181.12
213,450.62,195.00
214,451.51,212.46
215,425.01,216.55
216,431.14,237.02
217,420.90,248.92
218,418.79,265.77
219,408.58,277.67
220,398.85,289.78
221,385.60,299.10
222,376.78,311.70
223,365.30,322.06
224,362.30,340.22
225,340.12,340.12
226,336.11,357.92
227,330.66,375.06
228,310.43,375.24
229,305.84,394.29
230,290.95,400.46
231,271.49,399.48
232,263.09,414.57
233,247.90,419.18
234,234.13,425.88
235,222.46,436.59
236,211.61,449.70
237,193.01,446.03
238,181.85,459.31
239,168.01,466.68
240,149.26,459.36
241,134.47,462.86
242,121.11,471.70
243,105.80,473.32
244,90.13,472.48
245,75.71,478.04
246,59.28,469.27
247,45.64,482.85
248,30.45,484.04
249,15.14,481.76
250,0.00,480.00
251,-15.01,477.76
252,-29.51,469.07
253,-44.80,473.89
254,-59.66,472.25
255,-73.84,466.19
256,-88.07,461.68
257,-102.09,456.73
258,-118.63,462.01
259,-128.89,443.66
260,-144.62,445.09
261,-158.87,441.27
262,-170.44,430.49
263,-180.70,417.58
264,-196.71,418.03
265,-207.02,406.30
266,-219.68,399.60
267,-231.61,391.64
268,-244.87,385.86
269,-253.50,373.01
270,-270.38,372.15
271,-275.20,354.78
272,-286.20,345.96
273,-305.53,346.55
274,-305.99,325.85
275,-315.37,315.37
276,-328.77,308.73
277,-333.05,293.62
278,-339.03,280.47
279,-346.09,268.45
280,-356.78,259.21
281,-360.61,245.07
282,-368.13,233.62
283,-370.98,219.40
284,-375.94,206.67
285,-382.24,194.76
286,-388.17,182.66
287,-391.88,169.58
288,-401.66,159.03
289,-403.64,145.32
290,-405.15,131.64
291,-413.89,120.25
292,-407.77,104.70
293,-414.76,92.71
294,-409.61,78.14
295,-417.79,66.17
296,-416.69,52.64
297,-415.15,39.24
298,-414.18,26.06
299,-420.79,13.22
300,-416.00,-0.00
301,-423.79,-13.32
302,-419.17,-26.37
303,-411.17,-38.87
304,-408.75,-51.64
305,-410.88,-65.08
306,-408.63,-77.95
307,-405.01,-90.53
308,-398.09,-102.21
309,-391.80,-113.83
310,-388.98,-126.39
311,-385.76,-138.88
312,-375.63,-148.72
313,-380.87,-164.82
314,-368.26,-173.29
315,-365.31,-186.14
316,-357.53,-196.56
317,-358.93,-212.27
318,-348.71,-221.30
319,-333.31,-226.52
320,-337.36,-245.11
321,-320.80,-248.84
322,-314.37,-260.07
323,-304.55,-268.49
324,-299.61,-281.35
325,-289.21,-289.21
326,-280.66,-298.88
327,-274.44,-311.30
328,-258.79,-312.83
329,-248.23,-320.01
330,-239.23,-329.27
331,-229.33,-337.45
332,-221.83,-349.55
333,-206.67,-349.46
334,-195.11,-354.90
335,-186.59,-366.20
336,-174.57,-370.98
337,-165.61,-382.70
338,-150.19,-379.35
339,-139.90,-388.58
340,-126.70,-389.93
341,-116.90,-402.36
342,-101.71,-396.15
343,-90.75,-405.98
344,-78.51,-411.58
345,-63.98,-403.96
346,-53.52,-423.63
347,-38.58,-408.18
348,-25.56,-406.20
349,-12.69,-403.80
350,-0.00,-401.00
351,12.38,-393.81
352,25.24,-401.21
353,36.51,-386.28
354,48.38,-382.96
355,59.60,-376.31
356,71.20,-373.27
357,83.33,-372.80
358,94.25,-367.09
359,106.85,-367.79
360,117.43,-361.40
361,127.03,-352.83
362,142.10,-358.89
363,149.72,-345.99
364,166.05,-352.88
365,175.24,-343.93
366,185.96,-338.25
367,202.60,-342.58
368,206.83,-325.91
369,220.34,-324.22
370,236.29,-325.22
371,249.45,-321.59
372,261.34,-315.91
373,273.78,-310.55
374,284.77,-303.25
375,297.69,-297.69
376,316.37,-297.09
377,324.80,-286.35
378,342.88,-283.65
379,354.78,-275.20
380,372.15,-270.38
381,377.15,-256.31
382,387.55,-245.94
383,395.08,-233.65
384,410.11,-225.46
385,411.65,-209.74
386,423.46,-199.26
387,434.10,-187.85
388,439.78,-174.12
389,437.51,-157.51
390,435.58,-141.53
391,458.06,-133.08
392,460.08,-118.13
393,458.68,-102.53
394,462.66,-88.26
395,469.15,-74.31
396,476.22,-60.16
397,478.87,-45.27
398,474.06,-29.83
399,480.76,-15.11
444.49
