setup
ToF ready
lidar ready
GO
0,381.00,0.00
1,369.94,6.46
2,363.78,12.70
3,367.50,19.26
4,362.12,25.32
5,363.61,31.81
6,362.01,38.05
7,355.33,43.63
8,357.49,50.24
9,352.60,55.85
10,357.49,63.03
11,353.39,68.69
12,347.24,73.81
13,333.23,76.93
14,326.02,81.29
15,321.65,86.19
16,316.26,90.68
17,306.02,93.56
18,307.19,99.81
19,319.59,110.04
20,290.37,105.68
21,292.21,112.17
22,284.65,115.00
23,280.75,119.17
24,277.72,123.65
25,279.14,130.17
26,258.85,126.25
27,271.76,138.47
28,251.64,133.80
29,263.26,145.93
30,246.82,142.50
31,236.58,142.15
32,234.91,146.79
33,228.12,148.14
34,223.01,150.42
35,221.17,154.87
36,215.20,156.35
37,211.64,159.48
38,202.52,158.22
39,199.73,161.74
40,201.47,169.05
41,189.43,164.67
42,187.27,168.62
43,187.23,174.59
44,176.96,170.89
45,174.66,174.66
46,168.80,174.80
47,169.14,181.38
48,159.92,177.61
49,160.73,184.90
50,156.20,186.15
51,152.92,188.85
52,138.52,177.30
53,136.01,180.49
54,135.19,186.07
55,130.78,186.77
56,130.29,193.17
57,123.09,189.54
58,117.64,188.27
59,114.85,191.15
60,113.50,196.59
61,107.63,194.17
62,102.81,193.37
63,96.70,189.78
64,95.56,195.94
65,92.98,199.39
66,88.26,198.24
67,82.83,195.15
68,76.05,188.22
69,74.54,194.18
70,71.14,195.46
71,68.37,198.56
72,65.82,202.58
73,60.52,197.96
74,57.06,198.98
75,53.32,198.98
76,49.35,197.94
77,46.56,201.69
78,43.66,205.41
79,38.54,198.29
80,36.64,207.79
81,32.85,207.41
82,27.42,195.08
83,25.23,205.46
84,21.43,203.88
85,17.78,203.22
86,14.58,208.49
87,10.73,204.72
88,7.33,209.87
89,3.61,206.97
90,-0.00,212.00
91,-3.67,209.97
92,-7.40,211.87
93,-11.41,217.70
94,-14.93,213.48
95,-18.56,212.19
96,-22.47,213.82
97,-26.08,212.40
98,-30.48,216.87
99,-33.79,213.34
100,-37.51,212.72
101,-41.60,213.99
102,-46.16,217.15
103,-50.16,217.28
104,-55.16,221.23
105,-58.23,217.33
106,-63.67,222.05
107,-67.83,221.86
108,-72.00,221.60
109,-73.90,214.63
110,-82.08,225.53
111,-86.01,224.06
112,-89.16,220.67
113,-95.73,225.52
114,-99.24,222.91
115,-102.70,220.23
116,-109.15,223.80
117,-114.41,224.53
118,-122.53,230.45
119,-124.11,223.90
120,-130.50,226.03
121,-134.94,224.58
122,-141.49,226.43
123,-143.24,220.57
124,-149.86,222.18
125,-158.88,226.91
126,-163.99,225.72
127,-165.50,219.62
128,-173.00,221.43
129,-178.10,219.93
130,-186.41,222.15
131,-187.63,215.85
132,-197.39,219.23
133,-201.19,215.75
134,-210.48,217.96
135,-216.37,216.37
136,-220.12,212.57
137,-227.45,212.10
138,-230.37,207.43
139,-240.00,208.63
140,-241.30,202.48
141,-251.02,203.27
142,-252.95,197.63
143,-261.95,197.40
144,-263.74,191.62
145,-270.32,189.28
146,-275.24,185.65
147,-291.02,188.99
148,-294.27,183.88
149,-302.58,181.81
150,-300.51,173.50
151,-312.24,173.08
152,-309.91,164.78
153,-319.87,162.98
154,-323.57,157.81
155,-330.80,154.26
156,-326.14,145.20
157,-334.14,141.84
158,-346.77,140.10
159,-351.96,135.10
160,-352.38,128.26
161,-361.19,124.37
162,-366.16,118.97
163,-368.18,112.56
164,-366.24,105.02
165,-371.88,99.65
166,-384.24,95.80
167,-375.13,86.61
168,-390.28,82.96
169,-385.78,74.99
170,-385.06,67.90
171,-392.11,62.10
172,-385.21,54.14
173,-388.09,47.65
174,-394.83,41.50
175,-391.50,34.25
176,-411.00,28.74
177,-409.44,21.46
178,-407.75,14.24
179,-402.94,7.03
180,-402.00,-0.00
181,-399.94,-6.98
182,-395.76,-13.82
183,-400.45,-20.99
184,-393.04,-27.48
185,-396.49,-34.69
186,-392.84,-41.29
187,-398.01,-48.87
188,-390.17,-54.83
189,-385.20,-61.01
190,-389.00,-68.59
191,-392.65,-76.32
192,-385.39,-81.92
193,-379.03,-87.51
194,-374.53,-93.38
195,-376.71,-100.94
196,-377.78,-108.33
197,-368.18,-112.56
198,-361.40,-117.43
199,-351.73,-121.11
200,-347.69,-126.55
201,-350.09,-134.39
202,-343.06,-138.60
203,-332.30,-141.05
204,-328.88,-146.43
205,-320.83,-149.61
206,-319.97,-156.06
207,-312.74,-159.35
208,-316.10,-168.07
209,-318.36,-176.47
210,-305.71,-176.50
211,-304.29,-182.84
212,-295.97,-184.94
213,-294.37,-191.17
214,-286.85,-193.48
215,-262.95,-184.12
216,-263.74,-191.62
217,-261.15,-196.79
218,-247.44,-193.32
219,-242.47,-196.35
220,-242.07,-203.12
221,-239.24,-207.97
222,-237.81,-214.12
223,-232.57,-216.88
224,-224.43,-216.73
225,-212.84,-212.84
226,-204.23,-211.49
227,-203.24,-217.94
228,-192.04,-213.28
229,-191.57,-220.38
230,-181.91,-216.79
231,-180.61,-223.04
232,-165.61,-211.97
233,-167.91,-222.82
234,-161.05,-221.67
235,-158.31,-226.09
236,-152.10,-225.50
237,-147.05,-226.44
238,-141.49,-226.43
239,-128.76,-214.29
240,-127.50,-220.84
241,-124.60,-224.78
242,-115.49,-217.21
243,-115.77,-227.21
244,-107.84,-221.10
245,-105.65,-226.58
246,-99.65,-223.82
247,-95.73,-225.52
248,-92.15,-228.09
249,-84.93,-221.26
250,-82.77,-227.41
251,-76.51,-222.20
252,-70.76,-217.79
253,-65.78,-215.17
254,-62.85,-219.17
255,-57.20,-213.47
256,-53.22,-213.47
257,-49.94,-216.31
258,-44.91,-211.28
259,-43.70,-224.79
260,-38.55,-218.63
261,-33.63,-212.35
262,-29.37,-208.95
263,-26.45,-215.38
264,-22.16,-210.84
265,-18.91,-216.17
266,-14.65,-209.49
267,-11.15,-212.71
268,-7.40,-211.87
269,-3.72,-212.97
270,0.00,-212.00
271,3.58,-204.97
272,7.12,-203.88
273,11.04,-210.71
274,14.51,-207.49
275,17.95,-205.22
276,21.64,-205.87
277,24.62,-200.49
278,29.09,-206.97
279,31.91,-201.49
280,36.12,-204.84
281,38.54,-198.29
282,43.45,-204.43
283,45.89,-198.77
284,49.84,-199.88
285,54.35,-202.84
286,56.51,-197.06
287,61.98,-202.74
288,65.20,-200.67
289,69.67,-202.34
290,72.17,-198.28
291,77.77,-202.59
292,79.42,-196.56
293,84.01,-197.91
294,87.45,-196.41
295,89.60,-192.14
296,93.37,-191.44
297,97.15,-190.68
298,100.00,-188.07
299,107.14,-193.29
300,112.50,-194.86
301,112.79,-187.72
302,116.05,-185.72
303,121.45,-187.02
304,125.26,-185.70
305,132.50,-189.22
306,132.84,-182.84
307,143.83,-190.87
308,140.99,-180.45
309,144.11,-177.97
310,152.34,-181.55
311,156.80,-180.38
312,159.92,-177.61
313,165.73,-177.72
314,168.80,-174.80
315,180.31,-180.31
316,179.12,-172.97
317,185.03,-172.55
318,188.76,-169.96
319,193.21,-167.95
320,198.41,-166.48
321,198.95,-161.11
322,211.97,-165.61
323,210.84,-158.88
324,218.43,-158.70
325,222.81,-156.01
326,228.81,-154.34
327,228.96,-148.69
328,238.30,-148.91
329,246.01,-147.82
330,250.28,-144.50
331,256.26,-142.05
332,259.59,-138.02
333,266.41,-135.74
334,273.23,-133.26
335,272.80,-127.21
336,280.46,-124.87
337,282.60,-119.95
338,283.72,-114.63
339,295.95,-113.60
340,297.88,-108.42
341,305.40,-105.16
342,307.19,-99.81
343,309.84,-94.73
344,322.02,-92.34
345,321.65,-86.19
346,331.84,-82.74
347,329.34,-76.03
348,336.48,-71.52
349,347.50,-67.55
350,339.76,-59.91
351,346.68,-54.91
352,353.53,-49.68
353,356.32,-43.75
354,361.01,-37.94
355,357.63,-31.29
356,370.10,-25.88
357,364.50,-19.10
358,377.77,-13.19
359,378.94,-6.61
360,374.00,0.00
361,371.94,6.49
362,383.77,13.40
363,375.48,19.68
364,385.06,26.93
365,376.56,32.95
366,383.89,40.35
367,390.07,47.89
368,385.21,54.14
369,383.22,60.70
370,382.11,67.38
371,385.78,74.99
372,384.41,81.71
373,386.82,89.31
374,389.09,97.01
375,388.30,104.05
376,371.05,106.40
377,394.00,120.46
378,382.32,124.22
379,378.21,130.23
380,378.70,137.83
381,369.70,141.91
382,369.02,149.09
383,366.36,155.51
384,371.81,165.54
385,360.71,168.20
386,364.91,177.98
387,347.49,177.06
388,348.76,185.44
389,341.10,189.08
390,342.95,198.00
391,336.01,201.90
392,337.52,210.91
393,324.57,210.78
394,320.84,216.41
395,323.57,226.56
396,313.90,228.06
397,301.09,226.88
398,301.81,235.80
399,289.88,234.74
303.49
