setup
ToF ready
lidar ready
GO
0,434.00,0.00
1,432.93,7.56
2,430.74,15.04
3,417.43,21.88
4,422.97,29.58
5,417.41,36.52
6,415.71,43.69
7,404.96,49.72
8,405.02,56.92
9,405.94,64.29
10,392.94,69.29
11,385.78,74.99
12,381.48,81.09
13,381.95,88.18
14,384.24,95.80
15,375.75,100.68
16,379.70,108.88
17,361.48,110.52
18,355.70,115.57
19,361.19,124.37
20,354.26,128.94
21,346.36,132.95
22,343.06,138.60
23,343.35,145.74
24,331.62,147.65
25,329.90,153.83
26,325.36,158.69
27,323.44,164.80
28,318.74,169.48
29,318.36,176.47
30,310.90,179.50
31,301.72,181.29
32,289.18,180.70
33,286.83,186.27
34,288.51,194.60
35,281.79,197.31
36,275.07,199.85
37,274.73,207.02
38,268.71,209.94
39,260.34,210.82
40,252.79,212.12
41,242.26,210.59
42,235.58,212.11
43,228.18,212.78
44,217.24,209.79
45,212.13,212.13
46,198.67,205.73
47,194.37,208.44
48,189.36,210.31
49,184.35,212.07
50,180.62,215.26
51,172.43,212.94
52,174.23,223.01
53,165.50,219.62
54,159.29,219.24
55,156.01,222.81
56,151.54,224.67
57,145.96,224.76
58,143.08,228.97
59,139.58,232.29
60,134.50,232.96
61,130.90,236.15
62,127.70,240.16
63,123.03,241.46
64,120.55,247.17
65,117.91,252.86
66,115.51,259.45
67,112.92,266.03
68,108.26,267.96
69,105.36,274.47
70,103.63,284.73
71,99.30,288.38
72,97.03,298.63
73,93.85,306.97
74,90.41,315.29
75,86.45,322.62
76,81.29,326.02
77,78.96,342.00
78,71.31,335.50
79,68.69,353.39
80,63.90,362.41
81,58.51,369.40
82,52.47,373.33
83,46.31,377.17
84,40.03,380.90
85,33.99,388.52
86,27.14,388.05
87,20.93,399.45
88,13.75,393.76
89,6.95,397.94
90,-0.00,405.00
91,-7.10,406.94
92,-14.24,407.75
93,-21.46,409.44
94,-29.37,419.97
95,-36.34,415.41
96,-44.01,418.69
97,-51.92,422.82
98,-60.26,428.79
99,-67.27,424.71
100,-75.88,430.36
101,-84.34,433.88
102,-92.73,436.25
103,-101.45,439.44
104,-111.28,446.34
105,-115.69,431.77
106,-125.97,439.30
107,-132.74,434.16
108,-143.07,440.34
109,-152.69,443.45
110,-159.72,438.84
111,-172.38,449.05
112,-180.56,446.90
113,-193.80,456.57
114,-194.42,436.67
115,-207.08,444.09
116,-211.29,433.22
117,-222.00,435.70
118,-236.61,445.01
119,-241.44,435.56
120,-252.00,436.48
121,-263.70,438.87
122,-269.73,431.66
123,-282.12,434.43
124,-291.34,431.93
125,-299.98,428.42
126,-308.59,424.73
127,-315.35,418.48
128,-327.53,419.22
129,-335.43,414.22
130,-343.25,409.07
131,-352.96,406.03
132,-357.32,396.84
133,-370.33,397.12
134,-377.20,390.60
135,-383.25,383.25
136,-398.51,384.84
137,-397.13,370.33
138,-410.22,369.36
139,-421.13,366.08
140,-425.15,356.75
141,-425.10,344.24
142,-431.83,337.38
143,-443.24,334.01
144,-448.20,325.63
145,-462.00,323.50
146,-467.58,315.38
147,-473.85,307.72
148,-480.84,300.46
149,-480.87,288.94
150,-491.90,284.00
151,-491.54,272.46
152,-490.04,260.56
153,-498.96,254.23
154,-500.63,244.17
155,-509.34,237.51
156,-507.93,226.15
157,-513.64,218.03
158,-517.37,209.03
159,-515.34,197.82
160,-524.35,190.85
161,-514.36,177.11
162,-525.93,170.89
163,-523.10,159.93
164,-524.85,150.50
165,-524.50,140.54
166,-533.66,133.06
167,-527.13,121.70
168,-521.35,110.82
169,-530.08,103.04
170,-525.89,92.73
171,-519.52,82.28
172,-522.86,73.48
173,-519.10,63.74
174,-528.09,55.50
175,-521.01,45.58
176,-509.76,35.65
177,-526.28,27.58
178,-523.68,18.29
179,-504.92,8.81
180,-503.00,-0.00
181,-504.92,-8.81
182,-494.70,-17.28
183,-492.32,-25.80
184,-492.80,-34.46
185,-481.16,-42.10
186,-477.37,-50.17
187,-485.36,-59.59
188,-477.31,-67.08
189,-466.19,-73.84
190,-460.89,-81.27
191,-457.44,-88.92
192,-463.64,-98.55
193,-458.93,-105.95
194,-443.43,-110.56
195,-437.56,-117.25
196,-433.53,-124.31
197,-422.69,-129.23
198,-416.56,-135.35
199,-414.14,-142.60
200,-410.65,-149.46
201,-401.44,-154.10
202,-397.76,-160.71
203,-393.06,-166.84
204,-378.21,-168.39
205,-381.56,-177.92
206,-373.00,-181.92
207,-365.31,-186.14
208,-362.01,-192.48
209,-354.22,-196.35
210,-349.87,-202.00
211,-342.01,-205.50
212,-339.22,-211.97
213,-332.11,-215.68
214,-325.81,-219.76
215,-323.57,-226.56
216,-313.09,-227.47
217,-304.28,-229.29
218,-300.23,-234.57
219,-304.64,-246.69
220,-288.80,-242.33
221,-275.47,-239.46
222,-277.94,-250.25
223,-267.68,-249.61
224,-260.40,-251.47
225,-255.27,-255.27
226,-246.60,-255.37
227,-246.20,-264.02
228,-240.89,-267.53
229,-231.59,-266.41
230,-229.48,-273.48
231,-220.89,-272.78
232,-217.33,-278.17
233,-211.84,-281.12
234,-205.14,-282.35
235,-199.60,-285.06
236,-195.72,-290.16
237,-186.81,-287.66
238,-184.41,-295.12
239,-170.99,-284.58
240,-165.00,-285.79
241,-153.20,-276.38
242,-146.94,-276.36
243,-141.64,-277.99
244,-132.39,-271.44
245,-124.67,-267.36
246,-117.95,-264.93
247,-110.97,-261.42
248,-106.39,-263.32
249,-99.27,-258.60
250,-94.40,-259.36
251,-89.86,-260.96
252,-86.22,-265.34
253,-80.99,-264.90
254,-76.35,-266.27
255,-71.18,-265.63
256,-65.80,-263.92
257,-62.09,-268.93
258,-55.93,-263.12
259,-51.71,-266.02
260,-46.71,-264.91
261,-42.39,-267.66
262,-38.27,-272.32
263,-32.90,-267.99
264,-28.85,-274.49
265,-24.67,-281.92
266,-19.53,-279.32
267,-14.92,-284.61
268,-10.02,-286.83
269,-5.11,-292.96
270,0.00,-299.00
271,5.31,-303.95
272,10.82,-309.81
273,17.01,-324.55
274,22.95,-328.20
275,29.46,-336.71
276,35.75,-340.13
277,42.65,-347.39
278,49.41,-351.55
279,56.63,-357.54
280,64.77,-367.33
281,71.93,-370.07
282,78.59,-369.74
283,86.38,-374.16
284,94.11,-377.45
285,101.97,-380.57
286,108.60,-378.74
287,116.36,-380.61
288,122.37,-376.62
289,130.88,-380.10
290,137.49,-377.76
291,146.57,-381.83
292,153.21,-379.22
293,161.37,-380.17
294,167.98,-377.29
295,174.96,-375.21
296,181.49,-372.10
297,194.31,-381.35
298,205.16,-385.85
299,212.83,-383.96
300,219.00,-379.32
301,222.50,-370.30
302,234.75,-375.69
303,246.72,-379.92
304,254.43,-377.21
305,259.26,-370.26
306,267.44,-368.10
307,276.23,-366.57
308,293.67,-375.88
309,290.75,-359.04
310,307.25,-366.17
311,312.94,-360.00
312,327.87,-364.14
313,328.72,-352.51
314,339.69,-351.76
315,345.07,-345.07
316,358.23,-345.94
317,362.02,-337.59
318,380.49,-342.59
319,378.11,-328.69
320,392.21,-329.11
321,394.01,-319.07
322,408.98,-319.53
323,410.50,-309.33
324,412.60,-299.77
325,428.42,-299.98
326,437.73,-295.25
327,437.79,-284.30
328,451.16,-281.92
329,450.87,-270.91
330,456.40,-263.50
331,474.92,-263.25
332,482.97,-256.80
333,485.60,-247.42
334,504.22,-245.93
335,493.94,-230.33
336,507.02,-225.74
337,511.80,-217.25
338,516.44,-208.66
339,519.07,-199.25
340,520.59,-189.48
341,537.05,-184.92
342,528.79,-171.81
343,534.57,-163.44
344,538.31,-154.36
345,538.99,-144.42
346,552.10,-137.65
347,547.60,-126.42
348,549.72,-116.85
349,556.58,-108.19
350,545.58,-96.20
351,550.14,-87.13
352,552.57,-77.66
353,554.83,-68.13
354,553.95,-58.22
355,557.87,-48.81
356,549.66,-38.44
357,560.23,-29.36
358,548.67,-19.16
359,551.92,-9.63
360,564.00,0.00
361,545.92,9.53
362,551.66,19.26
363,544.25,28.52
364,543.67,38.02
365,539.94,47.24
366,545.00,57.28
367,531.01,65.20
368,534.74,75.15
369,517.55,81.97
370,522.93,92.21
371,522.23,101.51
372,526.24,111.86
373,510.57,117.87
374,497.76,124.11
375,515.80,138.21
376,497.93,142.78
377,495.37,151.45
378,491.70,159.76
379,481.27,165.71
380,475.48,173.06
381,468.66,179.90
382,463.59,187.30
383,454.73,193.02
384,448.55,199.71
385,439.56,204.97
386,433.22,211.29
387,427.68,217.92
388,425.58,226.29
389,418.07,231.74
390,407.90,235.50
391,400.30,240.52
392,399.43,249.59
393,386.63,251.08
394,375.55,253.31
395,370.26,259.26
396,365.68,265.68
397,357.79,269.61
398,351.45,274.59
399,345.05,279.42
441.87
