0,221.00,0.00
1,215.89,6.78
2,222.56,14.00
3,213.05,20.14
4,218.27,27.57
5,216.30,34.26
6,207.26,39.54
7,206.89,46.25
8,205.34,52.72
9,209.34,60.82
10,203.53,66.13
11,197.58,71.13
12,191.53,75.83
13,193.65,83.80
14,187.30,88.14
15,185.33,94.43
16,184.02,101.17
17,175.59,103.84
18,173.93,110.38
19,168.72,114.67
20,165.04,119.91
21,160.40,124.42
22,156.41,129.40
23,147.77,130.28
24,147.98,138.96
25,144.25,144.25
26,141.02,150.17
27,136.23,154.52
28,128.76,155.64
29,129.94,167.51
30,122.26,168.28
31,118.04,173.69
32,110.92,174.78
33,105.88,179.03
34,101.17,184.02
35,94.88,186.22
36,87.71,186.39
37,82.61,190.89
38,77.67,196.18
39,72.49,201.35
40,65.51,201.62
41,61.10,210.30
42,54.46,212.12
43,45.81,204.94
44,41.41,217.09
45,34.57,218.28
46,28.20,223.23
47,20.80,220.02
48,14.00,222.56
49,7.10,225.89
50,-0.00,229.00
51,-7.38,234.88
52,-14.69,233.54
53,-22.40,236.94
54,-29.20,231.16
55,-37.70,238.03
56,-45.91,240.66
57,-53.88,241.05
58,-61.18,238.27
59,-70.58,242.95
60,-76.33,234.91
61,-86.72,240.87
62,-95.71,241.74
63,-101.67,234.95
64,-111.98,237.97
65,-119.40,234.33
66,-130.07,236.60
67,-136.93,231.54
68,-145.21,228.81
69,-152.89,224.97
70,-164.58,226.52
71,-170.39,219.66
72,-179.12,216.51
73,-188.47,213.78
74,-197.83,210.67
75,-202.94,202.94
76,-215.05,201.94
77,-228.03,201.04
78,-235.78,195.05
79,-242.58,188.16
80,-247.56,179.86
81,-254.74,173.12
82,-263.43,167.18
83,-273.72,161.88
84,-283.92,156.09
85,-291.36,148.45
86,-294.07,138.38
87,-304.69,131.85
88,-313.33,124.06
89,-320.84,115.51
90,-322.41,104.76
91,-327.46,95.14
92,-335.13,86.05
93,-336.69,75.26
94,-343.80,65.58
95,-350.63,55.53
96,-346.25,43.74
97,-349.44,33.03
98,-360.29,22.67
99,-369.82,11.62
100,-368.00,-0.00
101,-366.82,-11.53
102,-362.28,-22.79
103,-370.35,-35.01
104,-371.05,-46.87
105,-378.28,-59.91
106,-364.43,-69.52
107,-378.66,-84.64
108,-376.78,-96.74
109,-364.91,-106.02
110,-362.35,-117.74
111,-366.94,-132.11
112,-365.40,-144.67
113,-362.51,-156.87
114,-361.93,-170.31
115,-351.06,-178.87
116,-347.89,-191.26
117,-333.97,-197.51
118,-326.75,-207.36
119,-324.22,-220.34
120,-314.71,-228.65
121,-312.11,-242.10
122,-304.35,-251.78
123,-296.29,-261.22
124,-290.86,-273.13
125,-281.43,-281.43
126,-271.77,-289.40
127,-261.22,-296.29
128,-252.42,-305.12
129,-236.58,-305.00
130,-228.65,-314.71
131,-219.21,-322.56
132,-205.22,-323.38
133,-202.09,-341.71
134,-189.81,-345.26
135,-175.24,-343.93
136,-162.22,-344.74
137,-151.31,-349.66
138,-142.46,-359.82
139,-128.38,-356.59
140,-113.41,-349.04
141,-104.62,-360.11
142,-93.01,-362.25
143,-80.93,-362.07
144,-68.77,-360.50
145,-56.79,-358.53
146,-46.00,-364.11
147,-33.41,-353.42
148,-23.11,-367.27
149,-11.09,-352.83
150,0.00,-343.00
151,10.77,-342.83
152,22.04,-350.31
153,32.56,-344.46
154,42.74,-338.31
155,52.56,-331.86
156,62.77,-329.07
157,70.90,-317.17
158,82.57,-321.57
159,90.95,-313.06
160,99.81,-307.19
161,108.06,-300.14
162,116.33,-293.81
163,126.69,-292.76
164,134.55,-285.93
165,137.11,-269.08
166,146.45,-266.40
167,149.15,-252.20
168,159.14,-250.77
169,164.69,-242.33
170,172.22,-237.04
171,175.90,-226.77
172,184.22,-222.68
173,188.47,-213.78
174,190.99,-203.38
175,194.45,-194.45
176,203.38,-190.99
177,206.28,-181.86
178,208.81,-172.74
179,210.97,-163.65
180,210.34,-152.82
181,217.52,-147.83
182,213.62,-135.56
183,217.77,-128.79
184,219.08,-120.44
185,224.53,-114.41
186,224.40,-105.59
187,223.01,-96.51
188,225.01,-89.09
189,225.81,-81.30
190,229.20,-74.47
191,228.55,-66.40
192,220.84,-56.70
193,225.44,-50.39
194,225.93,-43.10
195,230.13,-36.45
196,226.20,-28.58
197,221.01,-20.89
198,221.56,-13.94
199,222.89,-7.00
200,222.00,0.00
201,218.89,6.88
202,221.56,13.94
203,219.02,20.70
204,212.31,26.82
205,216.30,34.26
206,210.21,40.10
207,207.87,46.46
208,205.34,52.72
209,205.50,59.70
210,201.62,65.51
211,202.29,72.83
212,195.25,77.31
213,187.22,81.02
214,188.20,88.56
215,187.11,95.34
216,179.64,98.76
217,178.17,105.37
218,172.24,109.31
219,167.90,114.10
220,165.04,119.91
221,162.77,126.26
222,157.18,130.03
223,156.77,138.21
224,150.90,141.70
225,144.96,144.96
226,140.33,149.44
227,132.92,150.77
228,131.31,158.73
229,126.87,163.56
230,121.67,167.47
231,116.35,171.21
232,110.92,174.78
233,105.37,178.17
234,102.13,185.78
235,95.34,187.11
236,88.56,188.20
237,85.39,197.32
238,76.94,194.32
239,72.83,202.29
240,66.75,205.43
241,60.26,207.42
242,54.71,213.09
243,46.90,209.82
244,41.22,216.10
245,35.20,222.23
246,27.95,221.24
247,21.46,226.99
248,14.19,225.55
249,7.22,229.89
250,0.00,225.00
251,-7.32,232.89
252,-14.32,227.55
253,-22.02,232.96
254,-29.45,233.15
255,-37.39,236.06
256,-46.10,241.64
257,-53.45,239.10
258,-61.18,238.27
259,-69.75,240.07
260,-78.49,241.57
261,-85.02,236.16
262,-93.87,237.09
263,-104.05,240.45
264,-111.13,236.16
265,-121.22,237.90
266,-127.18,231.34
267,-137.95,233.26
268,-145.21,228.81
269,-154.01,226.62
270,-165.17,227.33
271,-171.00,220.45
272,-182.30,220.37
273,-191.78,217.53
274,-200.57,213.59
275,-210.01,210.01
276,-215.05,201.94
277,-222.03,195.75
278,-232.69,192.50
279,-238.63,185.10
280,-248.37,180.45
281,-261.36,177.62
282,-268.50,170.39
283,-278.88,164.93
284,-278.67,153.20
285,-288.69,147.09
286,-291.35,137.10
287,-303.78,131.46
288,-308.69,122.22
289,-319.90,115.17
290,-319.55,103.83
291,-330.34,95.97
292,-329.32,84.55
293,-333.76,74.61
294,-340.85,65.02
295,-351.62,55.69
296,-353.19,44.62
297,-351.43,33.22
298,-355.30,22.35
299,-368.82,11.59
300,-368.00,-0.00
301,-369.82,-11.62
302,-373.26,-23.48
303,-375.33,-35.48
304,-375.02,-47.38
305,-369.40,-58.51
306,-372.29,-71.02
307,-365.97,-81.80
308,-370.00,-95.00
309,-366.83,-106.57
310,-365.21,-118.66
311,-358.48,-129.06
312,-358.89,-142.10
313,-353.34,-152.90
314,-359.22,-169.03
315,-357.29,-182.05
316,-352.28,-193.67
317,-334.83,-198.02
318,-329.29,-208.97
319,-325.87,-221.46
320,-315.52,-229.24
321,-310.53,-240.87
322,-307.43,-254.33
323,-300.04,-264.52
324,-294.50,-276.56
325,-277.19,-277.19
326,-273.13,-290.86
327,-257.25,-291.79
328,-250.51,-302.81
329,-240.26,-309.74
330,-229.24,-315.52
331,-223.71,-329.18
332,-210.58,-331.82
333,-196.49,-332.25
334,-188.37,-342.64
335,-176.15,-345.71
336,-163.07,-346.55
337,-155.68,-359.76
338,-139.89,-353.31
339,-128.04,-355.65
340,-117.43,-361.40
341,-105.18,-362.03
342,-90.03,-350.63
343,-80.93,-362.07
344,-68.21,-357.55
345,-57.57,-363.47
346,-46.00,-364.11
347,-33.03,-349.44
348,-22.23,-353.30
349,-11.02,-350.83
350,-0.00,-351.00
351,11.12,-353.83
352,22.16,-352.30
353,31.81,-336.50
354,43.62,-345.26
355,51.47,-324.95
356,62.96,-330.05
357,71.77,-321.08
358,80.58,-313.82
359,90.11,-310.17
360,99.81,-307.19
361,108.40,-301.08
362,118.17,-298.46
363,127.09,-293.68
364,134.12,-285.02
365,138.47,-271.76
366,147.42,-268.15
367,153.22,-259.08
368,160.21,-252.45
369,168.63,-248.12
370,172.81,-237.85
371,179.58,-231.52
372,181.03,-218.83
373,191.12,-216.78
374,190.30,-202.65
375,193.75,-193.75
376,198.28,-186.20
377,208.53,-183.84
378,208.81,-172.74
379,215.71,-167.32
380,214.39,-155.76
381,211.73,-143.89
382,218.68,-138.78
383,220.35,-130.31
384,222.58,-122.37
385,225.42,-114.86
386,221.68,-104.32
387,224.85,-97.30
388,220.36,-87.25
389,226.75,-81.64
390,226.35,-73.55
391,230.47,-66.96
392,228.59,-58.69
393,227.39,-50.83
394,226.91,-43.29
395,227.17,-35.98
396,223.23,-28.20
397,226.99,-21.46
398,229.55,-14.44
399,221.89,-6.97