0,221.00,0.00
1,216.89,6.82
2,215.57,13.56
3,218.03,20.61
4,218.27,27.57
5,214.33,33.95
6,211.19,40.29
7,206.89,46.25
8,207.28,53.22
9,203.58,59.15
10,200.67,65.20
11,195.70,70.46
12,195.25,77.31
13,183.55,79.43
14,186.39,87.71
15,182.66,93.07
16,180.52,99.24
17,179.03,105.88
18,174.78,110.92
19,169.55,115.23
20,160.99,116.97
21,164.35,127.48
22,157.96,130.67
23,153.77,135.57
24,148.71,139.65
25,146.37,146.37
26,140.33,149.44
27,134.25,152.27
28,134.50,162.58
29,128.10,165.14
30,121.08,166.66
31,112.42,165.42
32,114.13,179.84
33,106.39,179.90
34,100.69,183.15
35,95.34,187.11
36,89.84,190.92
37,83.00,191.81
38,77.31,195.25
39,72.83,202.29
40,66.75,205.43
41,59.70,205.50
42,54.96,214.06
43,47.34,211.77
44,41.60,218.07
45,35.04,221.24
46,28.07,222.23
47,21.17,224.00
48,14.13,224.56
49,7.19,228.89
50,-0.00,224.00
51,-7.04,223.89
52,-14.94,237.53
53,-22.30,235.95
54,-30.08,238.11
55,-36.61,231.12
56,-45.35,237.71
57,-53.01,237.15
58,-61.43,239.24
59,-69.19,238.15
60,-78.18,240.62
61,-85.36,237.10
62,-93.14,235.23
63,-102.86,237.70
64,-111.55,237.06
65,-119.40,234.33
66,-125.74,228.72
67,-135.40,228.96
68,-145.74,229.66
69,-155.14,228.27
70,-165.17,227.33
71,-171.61,221.24
72,-179.75,217.28
73,-187.15,212.28
74,-195.78,208.49
75,-203.65,203.65
76,-217.23,204.00
77,-225.78,199.05
78,-231.92,191.86
79,-241.00,186.94
80,-254.03,184.56
81,-258.88,175.93
82,-265.12,168.25
83,-275.44,162.89
84,-277.79,152.72
85,-296.71,151.18
86,-302.21,142.21
87,-300.11,129.87
88,-304.04,120.38
89,-318.02,114.49
90,-326.21,105.99
91,-332.26,96.53
92,-337.07,86.54
93,-336.69,75.26
94,-344.78,65.77
95,-351.62,55.69
96,-361.13,45.62
97,-362.38,34.26
98,-363.28,22.86
99,-363.82,11.43
100,-362.00,-0.00
101,-369.82,-11.62
102,-370.27,-23.30
103,-370.35,-35.01
104,-370.06,-46.75
105,-366.43,-58.04
106,-368.36,-70.27
107,-362.07,-80.93
108,-369.03,-94.75
109,-368.75,-107.13
110,-366.16,-118.97
111,-361.30,-130.08
112,-360.75,-142.83
113,-358.84,-155.28
114,-351.98,-165.63
115,-343.04,-174.79
116,-340.01,-186.92
117,-340.85,-201.58
118,-333.51,-211.65
119,-323.39,-219.77
120,-324.42,-235.70
121,-305.00,-236.58
122,-302.04,-249.87
123,-295.54,-260.56
124,-289.40,-271.77
125,-275.77,-275.77
126,-268.34,-285.76
127,-257.91,-292.54
128,-250.51,-302.81
129,-235.36,-303.42
130,-232.18,-319.56
131,-218.09,-320.91
132,-205.22,-323.38
133,-195.47,-330.52
134,-184.99,-336.50
135,-172.52,-338.58
136,-163.07,-346.55
137,-155.28,-358.84
138,-139.89,-353.32
139,-131.77,-366.00
140,-117.12,-360.45
141,-107.69,-370.67
142,-93.26,-363.22
143,-80.49,-360.11
144,-68.58,-359.52
145,-57.26,-361.49
146,-45.62,-361.13
147,-33.41,-353.42
148,-22.42,-356.30
149,-11.09,-352.83
150,0.00,-352.00
151,10.93,-347.83
152,21.47,-341.33
153,32.56,-344.46
154,41.36,-327.40
155,53.03,-334.83
156,62.59,-328.08
157,72.21,-323.03
158,82.57,-321.57
159,90.39,-311.14
160,101.98,-313.85
161,108.40,-301.08
162,117.80,-297.53
163,126.69,-292.76
164,131.57,-279.59
165,141.65,-277.99
166,149.34,-271.66
167,151.19,-255.64
168,160.75,-253.30
169,167.50,-246.47
170,169.87,-233.81
171,178.36,-229.94
172,182.94,-221.14
173,188.47,-213.78
174,191.67,-204.11
175,196.58,-196.58
176,201.92,-189.62
177,208.53,-183.84
178,204.96,-169.55
179,207.81,-161.19
180,210.34,-152.82
181,214.21,-145.58
182,213.62,-135.56
183,218.63,-129.30
184,219.95,-120.92
185,221.86,-113.04
186,223.49,-105.17
187,223.93,-96.90
188,227.80,-90.19
189,226.75,-81.64
190,232.06,-75.40
191,226.63,-65.84
192,221.81,-56.95
193,223.48,-49.95
194,229.86,-43.85
195,224.21,-35.51
196,226.20,-28.58
197,226.99,-21.46
198,225.55,-14.19
199,225.89,-7.10
200,225.00,0.00
201,220.89,6.94
202,218.57,13.75
203,217.03,20.52
204,219.26,27.70
205,214.33,33.95
206,209.23,39.91
207,207.87,46.46
208,203.40,52.22
209,201.66,58.59
210,203.53,66.13
211,194.76,70.12
212,192.46,76.20
213,185.39,80.22
214,185.49,87.28
215,185.33,94.43
216,177.01,97.31
217,176.45,104.35
218,169.71,107.70
219,173.69,118.04
220,165.04,119.91
221,161.19,125.03
222,154.87,128.12
223,150.77,132.92
224,146.52,137.59
225,143.54,143.54
226,139.65,148.71
227,136.89,155.27
228,128.12,154.87
229,128.71,165.93
230,122.26,168.28
231,116.35,171.21
232,113.06,178.15
233,105.37,178.17
234,100.69,183.15
235,95.79,188.00
236,88.56,188.20
237,82.61,190.89
238,76.94,194.32
239,71.13,197.58
240,67.06,206.38
241,60.54,208.38
242,54.46,212.12
243,46.90,209.82
244,40.66,213.16
245,34.42,217.29
246,27.95,221.24
247,21.27,225.00
248,14.07,223.56
249,6.94,220.89
250,0.00,231.00
251,-7.44,236.88
252,-14.63,232.54
253,-22.30,235.95
254,-30.33,240.09
255,-37.23,235.07
256,-45.16,236.73
257,-54.32,243.00
258,-60.43,235.37
259,-69.47,239.11
260,-77.56,238.72
261,-86.04,238.98
262,-94.98,239.88
263,-102.86,237.70
264,-111.13,236.16
265,-119.85,235.23
266,-127.66,232.22
267,-136.93,231.54
268,-144.67,227.97
269,-154.57,227.45
270,-164.58,226.52
271,-170.39,219.66
272,-178.48,215.74
273,-188.47,213.78
274,-197.83,210.67
275,-212.84,212.84
276,-212.86,199.89
277,-225.03,198.39
278,-231.15,191.23
279,-243.37,188.78
280,-251.60,182.80
281,-262.18,178.18
282,-264.27,167.71
283,-272.86,161.37
284,-282.17,155.12
285,-287.80,146.64
286,-291.35,137.10
287,-313.87,135.82
288,-311.48,123.32
289,-317.08,114.15
290,-325.26,105.68
291,-327.46,95.14
292,-330.29,84.80
293,-344.50,77.00
294,-343.80,65.58
295,-350.63,55.53
296,-344.26,43.49
297,-356.41,33.69
298,-361.29,22.73
299,-360.82,11.34
300,-369.00,-0.00
301,-375.81,-11.81
302,-374.26,-23.55
303,-374.33,-35.38
304,-374.03,-47.25
305,-369.40,-58.51
306,-372.29,-71.02
307,-373.78,-83.55
308,-367.09,-94.25
309,-362.99,-105.46
310,-364.25,-118.35
311,-363.18,-130.75
312,-358.89,-142.10
313,-358.84,-155.28
314,-353.79,-166.48
315,-352.84,-179.78
316,-341.76,-187.88
317,-339.13,-200.56
318,-333.51,-211.65
319,-323.39,-219.77
320,-317.94,-231.00
321,-304.21,-235.97
322,-300.50,-248.60
323,-296.29,-261.22
324,-287.94,-270.40
325,-278.60,-278.60
326,-269.03,-286.48
327,-261.88,-297.04
328,-246.68,-298.19
329,-238.42,-307.37
330,-232.76,-320.37
331,-215.28,-316.77
332,-205.22,-323.38
333,-192.93,-326.22
334,-185.96,-338.25
335,-174.33,-342.15
336,-166.05,-352.88
337,-150.52,-347.83
338,-140.99,-356.10
339,-128.04,-355.65
340,-114.03,-350.94
341,-102.95,-354.35
342,-92.51,-360.31
343,-81.59,-364.99
344,-68.21,-357.55
345,-57.57,-363.47
346,-44.87,-355.18
347,-34.73,-367.36
348,-22.48,-357.29
349,-11.34,-360.82
350,-0.00,-360.00
351,11.03,-350.83
352,21.98,-349.31
353,32.75,-346.46
354,42.24,-334.34
355,52.56,-331.86
356,62.59,-328.08
357,73.30,-327.91
358,83.06,-323.51
359,90.39,-311.14
360,101.67,-312.90
361,110.09,-305.79
362,116.70,-294.74
363,122.32,-282.67
364,134.12,-285.02
365,140.28,-275.32
366,148.38,-269.90
367,150.68,-254.78
368,159.68,-251.61
369,169.19,-248.95
370,178.69,-245.94
371,174.07,-224.40
372,180.39,-218.06
373,188.47,-213.78
374,194.41,-207.03
375,199.40,-199.40
376,201.92,-189.62
377,199.53,-175.91
378,208.04,-172.10
379,209.39,-162.42
380,211.96,-154.00
381,221.66,-150.64
382,217.84,-138.24
383,216.05,-127.77
384,219.95,-120.92
385,220.97,-112.59
386,223.49,-105.17
387,227.60,-98.49
388,230.58,-91.30
389,222.05,-79.94
390,224.45,-72.93
391,228.55,-66.40
392,222.77,-57.20
393,229.34,-51.26
394,230.84,-44.03
395,226.18,-35.82
396,228.19,-28.83
397,220.02,-20.80
398,222.56,-14.00
399,223.89,-7.04