0,319.00,0.00
1,308.85,9.71
2,311.38,19.59
3,312.61,29.55
4,308.55,38.98
5,297.29,47.09
6,287.81,54.90
7,293.75,65.66
8,283.79,72.87
9,268.88,78.12
10,277.71,90.23
11,266.27,95.86
12,263.13,104.18
13,259.72,112.39
14,247.92,116.66
15,247.70,126.21
16,239.23,131.52
17,228.96,135.41
18,223.75,141.99
19,224.97,152.89
20,211.96,154.00
21,207.81,161.19
22,195.71,161.91
23,195.03,171.94
24,185.16,173.87
25,176.07,176.07
26,167.03,177.87
27,164.01,186.03
28,158.08,191.09
29,147.10,189.64
30,144.60,199.02
31,136.02,200.15
32,126.99,200.11
33,118.61,200.55
34,112.25,204.18
35,105.78,207.60
36,96.65,205.40
37,93.33,215.67
38,84.67,213.85
39,75.54,209.82
40,70.15,215.89
41,63.61,218.95
42,54.71,213.09
43,47.99,214.70
44,41.60,218.07
45,34.57,218.28
46,27.20,215.29
47,20.14,213.05
48,13.81,219.57
49,6.82,216.89
50,-0.00,212.00
51,-6.72,213.89
52,-13.63,216.57
53,-20.23,214.05
54,-26.57,210.33
55,-33.48,211.37
56,-38.98,204.32
57,-45.59,203.97
58,-51.73,201.47
59,-58.31,200.70
60,-63.97,196.87
61,-70.12,194.76
62,-76.57,193.39
63,-83.80,193.65
64,-89.84,190.92
65,-95.34,187.11
66,-102.13,185.78
67,-107.41,181.62
68,-116.81,184.06
69,-119.16,175.34
70,-126.96,174.75
71,-134.84,173.83
72,-134.50,162.58
73,-143.50,162.77
74,-148.55,158.19
75,-152.74,152.74
76,-155.27,145.81
77,-167.27,147.47
78,-174.14,144.06
79,-181.74,140.97
80,-177.17,128.72
81,-186.09,126.47
82,-192.51,122.17
83,-199.69,118.10
84,-202.43,111.29
85,-204.04,103.96
86,-209.92,98.78
87,-213.84,92.54
88,-221.29,87.61
89,-223.93,80.62
90,-223.50,72.62
91,-228.55,66.40
92,-233.43,59.93
93,-234.22,52.35
94,-242.62,46.28
95,-244.95,38.80
96,-251.01,31.71
97,-251.88,23.81
98,-253.50,15.95
99,-255.87,8.04
100,-261.00,-0.00
101,-263.87,-8.29
102,-262.48,-16.51
103,-263.82,-24.94
104,-269.86,-34.09
105,-265.69,-42.08
106,-270.13,-51.53
107,-271.30,-60.64
108,-274.11,-70.38
109,-267.92,-77.84
110,-273.90,-89.00
111,-273.80,-98.57
112,-261.27,-103.44
113,-263.40,-113.98
114,-272.35,-128.16
115,-264.63,-134.84
116,-261.14,-143.56
117,-253.92,-150.17
118,-259.21,-164.50
119,-258.05,-175.37
120,-248.37,-180.45
121,-244.95,-190.00
122,-246.56,-203.98
123,-238.54,-210.30
124,-227.44,-213.58
125,-226.27,-226.27
126,-219.74,-234.00
127,-214.93,-243.79
128,-209.08,-252.73
129,-205.32,-264.70
130,-199.26,-274.26
131,-190.55,-280.38
132,-184.86,-291.29
133,-178.16,-301.26
134,-169.10,-307.58
135,-160.26,-314.53
136,-148.60,-315.78
137,-140.99,-325.80
138,-131.05,-331.00
139,-119.91,-333.07
140,-111.56,-343.33
141,-102.67,-353.39
142,-90.77,-353.53
143,-78.97,-353.28
144,-68.02,-356.57
145,-58.35,-368.41
146,-46.12,-365.10
147,-34.82,-368.36
148,-23.11,-367.27
149,-12.00,-381.81
150,0.00,-375.00
151,11.97,-380.81
152,23.73,-377.25
153,36.04,-381.30
154,48.13,-380.97
155,59.29,-374.33
156,72.52,-380.15
157,82.46,-368.90
158,94.75,-369.03
159,106.57,-366.83
160,118.35,-364.25
161,130.75,-363.18
162,141.73,-357.96
163,152.50,-352.42
164,159.24,-338.41
165,176.60,-346.60
166,183.07,-333.00
167,194.96,-329.66
168,203.61,-320.84
169,214.15,-315.12
170,224.53,-309.04
171,234.74,-302.63
172,236.48,-285.86
173,249.98,-283.54
174,255.34,-271.91
175,269.41,-269.41
176,274.82,-258.07
177,282.79,-249.31
178,284.32,-235.21
179,297.89,-231.07
180,293.67,-213.37
181,301.88,-205.16
182,303.11,-192.36
183,315.03,-186.31
184,320.73,-176.32
185,319.87,-162.98
186,323.02,-152.00
187,328.56,-142.18
188,326.35,-129.21
189,330.25,-118.90
190,328.11,-106.61
191,333.22,-96.81
192,325.44,-83.56
193,331.81,-74.17
194,321.21,-61.27
195,329.89,-52.25
196,323.43,-40.86
197,321.57,-30.40
198,324.36,-20.41
199,323.84,-10.18
200,320.00,0.00
201,313.85,9.86
202,305.40,19.21
203,309.62,29.27
204,304.58,38.48
205,304.21,48.18
206,301.56,57.53
207,295.70,66.10
208,287.67,73.86
209,282.33,82.02
210,275.81,89.62
211,270.03,97.22
212,260.34,103.07
213,257.89,111.60
214,250.64,117.94
215,248.59,126.66
216,240.98,132.48
217,231.54,136.93
218,223.75,141.99
219,214.21,145.58
220,211.96,154.00
221,205.44,159.36
222,204.19,168.92
223,187.53,165.33
224,183.70,172.51
225,178.19,178.19
226,167.71,178.60
227,167.31,189.78
228,157.44,190.32
229,150.16,193.59
230,141.66,194.97
231,139.96,205.94
232,125.92,198.42
233,120.13,203.14
234,114.66,208.56
235,107.60,211.17
236,99.21,210.82
237,89.76,207.41
238,85.40,215.71
239,78.25,217.34
240,69.53,213.99
241,62.77,216.07
242,55.96,217.93
243,49.74,222.51
244,41.60,218.07
245,34.10,215.32
246,27.45,217.27
247,20.52,217.03
248,13.88,220.56
249,6.72,213.89
250,0.00,218.00
251,-6.72,213.89
252,-13.56,215.57
253,-19.95,211.06
254,-26.82,212.31
255,-33.48,211.37
256,-39.91,209.23
257,-45.37,202.99
258,-52.47,204.37
259,-57.75,198.78
260,-64.28,197.82
261,-70.80,196.64
262,-77.31,195.25
263,-83.80,193.65
264,-89.84,190.92
265,-97.15,190.68
266,-101.65,184.90
267,-109.44,185.06
268,-113.06,178.15
269,-120.29,177.00
270,-126.96,174.75
271,-131.16,169.09
272,-137.05,165.66
273,-143.50,162.77
274,-148.55,158.19
275,-153.44,153.44
276,-158.19,148.55
277,-166.52,146.81
278,-171.05,141.51
279,-178.57,138.52
280,-179.60,130.49
281,-185.27,125.91
282,-189.13,120.03
283,-197.97,117.08
284,-204.18,112.25
285,-202.26,103.06
286,-208.11,97.93
287,-212.92,92.14
288,-224.08,88.72
289,-222.05,79.94
290,-227.30,73.86
291,-232.39,67.52
292,-236.33,60.68
293,-240.08,53.66
294,-246.55,47.03
295,-240.01,38.01
296,-250.01,31.58
297,-259.84,24.56
298,-251.50,15.82
299,-261.87,8.23
300,-263.00,-0.00
301,-265.87,-8.36
302,-270.47,-17.02
303,-256.85,-24.28
304,-269.86,-34.09
305,-269.64,-42.71
306,-268.16,-51.16
307,-271.30,-60.64
308,-265.39,-68.14
309,-274.64,-79.79
310,-267.25,-86.83
311,-273.80,-98.57
312,-268.71,-106.39
313,-261.56,-113.19
314,-265.11,-124.75
315,-268.19,-136.65
316,-262.89,-144.53
317,-259.94,-153.73
318,-252.45,-160.21
319,-253.91,-172.56
320,-256.46,-186.33
321,-250.48,-194.29
322,-241.94,-200.15
323,-236.29,-208.31
324,-234.73,-220.42
325,-224.86,-224.86
326,-222.48,-236.91
327,-213.60,-242.29
328,-214.81,-259.66
329,-200.42,-258.38
330,-198.08,-272.64
331,-195.61,-287.82
332,-184.32,-290.45
333,-175.62,-296.96
334,-167.65,-304.95
335,-162.53,-318.98
336,-148.60,-315.78
337,-143.37,-331.31
338,-132.52,-334.72
339,-121.95,-338.72
340,-110.32,-339.53
341,-102.39,-352.43
342,-90.27,-351.60
343,-78.75,-352.31
344,-69.71,-365.41
345,-57.25,-361.49
346,-46.62,-369.07
347,-35.57,-376.32
348,-23.73,-377.25
349,-11.87,-377.81
350,-0.00,-376.00
351,11.78,-374.81
352,23.55,-374.26
353,35.95,-380.30
354,47.63,-377.00
355,60.54,-382.24
356,71.58,-375.23
357,83.33,-372.80
358,94.00,-366.12
359,107.69,-370.67
360,116.81,-359.50
361,130.75,-363.18
362,140.26,-354.24
363,153.30,-354.25
364,161.80,-343.83
365,172.52,-338.58
366,184.99,-336.50
367,193.44,-327.08
368,201.47,-317.47
369,210.78,-310.16
370,221.01,-304.19
371,232.29,-299.47
372,236.48,-285.86
373,251.30,-285.04
374,253.97,-270.45
375,263.04,-263.04
376,272.63,-256.02
377,274.54,-242.04
378,281.24,-232.66
379,288.41,-223.71
380,302.57,-219.83
381,300.23,-204.04
382,303.96,-192.90
383,308.15,-182.24
384,311.09,-171.02
385,313.63,-159.80
386,320.31,-150.73
387,318.46,-137.81
388,335.65,-132.89
389,332.13,-119.57
390,330.02,-107.23
391,336.10,-97.65
392,320.60,-82.32
393,323.03,-72.21
394,331.03,-63.15
395,325.94,-51.62
396,317.48,-40.11
397,322.56,-30.49
398,321.36,-20.22
399,312.85,-9.83