0,496.00,0.00
1,491.76,15.45
2,488.04,30.70
3,485.83,45.92
4,473.24,59.78
5,482.98,76.50
6,483.29,92.19
7,473.32,105.80
8,467.83,120.12
9,464.78,135.03
10,455.56,148.02
11,454.45,163.61
12,444.43,175.96
13,446.95,193.41
14,424.36,199.69
15,424.12,216.10
16,418.87,230.28
17,408.85,241.79
18,393.46,249.70
19,389.55,264.74
20,389.95,283.31
21,369.00,286.23
22,359.06,297.04
23,348.80,307.51
24,338.24,317.63
25,330.93,330.93
26,320.37,341.16
27,308.17,349.55
28,293.85,355.21
29,280.71,361.89
30,269.79,371.34
31,255.75,376.32
32,245.94,387.55
33,233.14,394.22
34,219.20,398.72
35,207.02,406.30
36,189.47,402.65
37,177.53,410.24
38,167.13,422.12
39,152.43,423.40
40,138.75,427.02
41,124.43,428.29
42,109.42,426.18
43,95.55,427.45
44,81.89,429.26
45,68.99,435.57
46,55.02,435.54
47,41.13,435.06
48,27.13,431.15
49,13.79,438.78
50,-0.00,434.00
51,-13.60,432.79
52,-26.81,426.16
53,-40.75,431.08
54,-54.14,428.59
55,-65.86,415.82
56,-79.26,415.51
57,-92.71,414.76
58,-104.70,407.77
59,-116.90,402.36
60,-131.64,405.15
61,-141.93,394.23
62,-153.88,388.65
63,-164.42,379.95
64,-175.85,373.69
65,-190.22,373.33
66,-201.37,366.30
67,-211.25,357.21
68,-220.22,347.02
69,-231.02,339.93
70,-242.17,333.31
71,-254.97,328.70
72,-261.34,315.91
73,-271.14,307.55
74,-278.61,296.69
75,-293.45,293.45
76,-295.96,277.93
77,-305.30,269.15
78,-318.22,263.26
79,-320.01,248.23
80,-329.27,239.23
81,-335.79,228.21
82,-342.80,217.55
83,-356.35,210.74
84,-361.91,198.96
85,-367.09,187.04
86,-370.07,174.14
87,-368.94,159.65
88,-375.63,148.72
89,-381.06,137.19
90,-383.28,124.53
91,-384.12,111.60
92,-397.12,101.96
93,-393.29,87.91
94,-394.88,75.33
95,-405.94,64.29
96,-401.81,50.76
97,-406.19,38.40
98,-404.20,25.43
99,-404.80,12.72
100,-404.00,-0.00
101,-408.80,-12.85
102,-408.19,-25.68
103,-414.15,-39.15
104,-407.76,-51.51
105,-400.01,-63.36
106,-405.68,-77.39
107,-404.03,-90.31
108,-403.90,-103.70
109,-399.48,-116.06
110,-395.64,-128.55
111,-393.29,-141.59
112,-384.93,-152.40
113,-386.37,-167.20
114,-378.22,-177.98
115,-372.44,-189.77
116,-367.17,-201.85
117,-365.82,-216.34
118,-353.77,-224.51
119,-347.37,-236.07
120,-338.17,-245.69
121,-338.19,-262.32
122,-333.63,-276.00
123,-323.30,-285.03
124,-312.73,-293.67
125,-301.23,-301.23
126,-295.04,-314.19
127,-287.01,-325.55
128,-277.92,-335.94
129,-266.00,-342.93
130,-251.57,-346.26
131,-246.75,-363.09
132,-233.62,-368.13
133,-221.43,-374.42
134,-210.04,-382.07
135,-202.48,-397.39
136,-188.19,-399.93
137,-176.73,-408.40
138,-162.71,-410.96
139,-149.38,-414.93
140,-137.82,-424.17
141,-125.27,-431.17
142,-112.91,-439.74
143,-97.95,-438.19
144,-84.32,-442.03
145,-71.02,-448.41
146,-58.03,-459.35
147,-43.67,-461.94
148,-28.57,-454.10
149,-14.29,-454.78
150,0.00,-457.00
151,14.48,-460.77
152,28.82,-458.09
153,44.14,-466.92
154,58.03,-459.35
155,73.52,-464.21
156,86.94,-455.78
157,101.44,-453.80
158,117.88,-459.11
159,131.40,-452.30
160,144.00,-443.19
161,160.22,-445.04
162,174.12,-439.78
163,188.65,-435.93
164,205.65,-437.03
165,216.10,-424.12
166,228.35,-415.37
167,245.36,-414.88
168,255.59,-402.74
169,269.80,-397.00
170,279.79,-385.09
171,294.81,-380.06
172,309.15,-373.70
173,314.78,-357.05
174,330.64,-352.09
175,342.95,-342.95
176,358.65,-336.80
177,364.55,-321.40
178,379.09,-313.61
179,392.71,-304.61
180,400.46,-290.95
181,403.62,-274.30
182,412.88,-262.02
183,411.43,-243.32
184,432.02,-237.50
185,440.16,-224.27
186,442.46,-208.21
187,446.03,-193.01
188,449.08,-177.80
189,458.21,-164.97
190,467.92,-152.04
191,468.62,-136.15
192,476.54,-122.36
193,485.03,-108.42
194,474.44,-90.51
195,478.04,-75.71
196,494.07,-62.42
197,483.84,-45.74
198,489.03,-30.77
199,482.76,-15.17
200,486.00,0.00
201,486.76,15.30
202,485.04,30.52
203,471.90,44.61
204,486.14,61.41
205,475.08,75.24
206,485.25,92.57
207,471.37,105.36
208,472.67,121.36
209,461.90,134.19
210,453.65,147.40
211,450.68,162.26
212,448.15,177.44
213,437.77,189.44
214,428.89,201.82
215,421.45,214.74
216,418.87,230.28
217,410.57,242.81
218,396.83,251.84
219,391.21,265.87
220,384.28,279.20
221,375.32,291.13
222,355.21,293.85
223,352.55,310.82
224,341.16,320.37
225,328.10,328.10
226,318.31,338.97
227,305.53,346.55
228,288.75,349.04
229,280.71,361.89
230,265.68,365.68
231,256.87,377.98
232,245.41,386.70
233,233.14,394.22
234,220.16,400.47
235,203.84,400.06
236,192.03,408.08
237,178.32,412.07
238,166.02,419.33
239,150.74,418.69
240,139.06,427.98
241,122.20,420.61
242,109.92,428.11
243,95.98,429.40
244,83.38,437.12
245,69.14,436.56
246,54.39,430.58
247,40.65,430.08
248,27.31,434.14
249,13.70,435.78
250,0.00,437.00
251,-13.73,436.78
252,-27.56,438.13
253,-40.94,433.07
254,-53.64,424.63
255,-67.74,427.67
256,-80.76,423.37
257,-93.80,419.64
258,-105.94,412.62
259,-117.18,403.32
260,-130.41,401.35
261,-143.29,397.99
262,-154.61,390.51
263,-168.39,389.13
264,-177.98,378.22
265,-189.31,371.55
266,-200.41,364.54
267,-206.67,349.46
268,-222.90,351.24
269,-232.70,342.41
270,-242.76,334.12
271,-248.84,320.80
272,-264.53,319.76
273,-272.46,309.05
274,-282.03,300.34
275,-288.50,288.50
276,-300.34,282.03
277,-307.55,271.14
278,-321.30,265.81
279,-321.59,249.45
280,-328.46,238.64
281,-335.79,228.21
282,-340.26,215.94
283,-354.63,209.73
284,-355.78,195.59
285,-369.77,188.41
286,-365.55,172.01
287,-371.69,160.84
288,-379.35,150.19
289,-376.35,135.49
290,-388.03,126.08
291,-390.84,113.55
292,-392.28,100.72
293,-397.20,88.78
294,-398.81,76.08
295,-402.98,63.82
296,-402.80,50.89
297,-397.23,37.55
298,-404.20,25.43
299,-406.80,12.78
300,-408.00,-0.00
301,-410.80,-12.91
302,-414.18,-26.06
303,-404.20,-38.21
304,-406.77,-51.39
305,-412.85,-65.39
306,-403.72,-77.01
307,-398.17,-89.00
308,-397.12,-101.96
309,-392.76,-114.11
310,-401.35,-130.41
311,-393.29,-141.59
312,-383.07,-151.67
313,-383.62,-166.01
314,-370.98,-174.57
315,-365.31,-186.14
316,-361.91,-198.96
317,-364.09,-215.32
318,-352.93,-223.98
319,-349.03,-237.20
320,-338.17,-245.69
321,-334.24,-259.26
322,-324.39,-268.36
323,-317.30,-279.73
324,-310.54,-291.62
325,-304.76,-304.76
326,-290.93,-309.81
327,-280.40,-318.05
328,-268.99,-325.16
329,-264.16,-340.56
330,-252.75,-347.88
331,-246.19,-362.26
332,-234.69,-369.82
333,-222.96,-377.00
334,-215.34,-391.71
335,-199.30,-391.15
336,-186.49,-396.31
337,-174.35,-402.89
338,-168.60,-425.84
339,-154.13,-428.10
340,-138.13,-425.12
341,-123.31,-424.45
342,-113.65,-442.64
343,-96.86,-433.31
344,-84.32,-442.03
345,-72.27,-456.31
346,-58.91,-466.29
347,-43.01,-454.97
348,-28.26,-449.11
349,-14.29,-454.78
350,-0.00,-462.00
351,14.48,-460.77
352,29.13,-463.08
353,43.95,-464.93
354,58.41,-462.33
355,73.37,-463.23
356,88.07,-461.67
357,100.56,-449.90
358,115.39,-449.42
359,130.85,-450.38
360,147.09,-452.70
361,162.26,-450.68
362,173.02,-436.99
363,187.06,-432.26
364,200.54,-426.17
365,213.83,-419.66
366,229.80,-418.00
367,246.89,-417.46
368,257.73,-406.12
369,269.24,-396.17
370,284.49,-391.56
371,296.03,-381.64
372,310.43,-375.24
373,322.06,-365.30
374,332.01,-353.55
375,336.58,-336.58
376,359.38,-337.48
377,366.80,-323.38
378,381.40,-315.53
379,384.81,-298.49
380,395.61,-287.43
381,406.92,-276.55
382,415.41,-263.63
383,420.04,-248.41
384,426.76,-234.61
385,441.05,-224.73
386,443.37,-208.63
387,447.86,-193.81
388,451.87,-178.91
389,453.50,-163.27
390,467.92,-152.04
391,468.62,-136.15
392,473.64,-121.61
393,476.25,-106.45
394,485.25,-92.57
395,481.99,-76.34
396,484.15,-61.16
397,488.82,-46.21
398,490.03,-30.83
399,493.76,-15.52