0,492.00,0.00
1,481.76,15.14
2,482.05,30.33
3,485.83,45.92
4,478.20,60.41
5,471.13,74.62
6,476.41,90.88
7,471.37,105.36
8,462.01,118.63
9,463.82,134.75
10,458.41,148.95
11,465.74,167.68
12,453.73,179.64
13,446.95,193.41
14,435.22,204.80
15,426.79,217.46
16,413.62,227.39
17,414.02,244.85
18,405.28,257.20
19,392.04,266.43
20,376.19,273.32
21,365.05,283.16
22,355.98,294.49
23,350.30,308.83
24,342.62,321.74
25,326.68,326.68
26,321.74,342.62
27,305.53,346.55
28,293.85,355.21
29,281.94,363.47
30,273.91,377.00
31,264.74,389.55
32,238.98,376.57
33,227.54,384.75
34,219.68,399.60
35,202.48,397.39
36,191.17,406.27
37,178.72,412.99
38,168.97,426.77
39,151.42,420.57
40,136.28,419.42
41,124.43,428.29
42,111.16,432.96
43,95.76,428.43
44,81.89,429.26
45,68.67,433.60
46,56.53,447.44
47,41.97,444.02
48,27.88,443.12
49,13.85,440.78
50,-0.00,442.00
51,-13.76,437.78
52,-27.19,432.15
53,-41.03,434.07
54,-53.39,422.64
55,-67.42,425.69
56,-80.95,424.35
57,-93.37,417.69
58,-108.68,423.27
59,-119.13,410.05
60,-129.17,397.54
61,-142.95,397.05
62,-155.72,393.30
63,-167.20,386.37
64,-180.53,383.65
65,-189.31,371.55
66,-200.89,365.42
67,-217.87,368.40
68,-227.19,358.00
69,-236.64,348.20
70,-243.34,334.93
71,-254.36,327.91
72,-265.17,320.53
73,-273.78,310.55
74,-283.40,301.79
75,-296.28,296.28
76,-301.06,282.72
77,-312.05,275.11
78,-315.14,260.71
79,-322.38,250.07
80,-322.80,234.53
81,-335.79,228.21
82,-347.02,220.22
83,-346.88,205.14
84,-352.28,193.66
85,-364.42,185.68
86,-370.07,174.14
87,-374.44,162.04
88,-385.86,152.77
89,-382.00,137.53
90,-384.23,124.84
91,-394.68,114.67
92,-394.21,101.22
93,-396.22,88.57
94,-397.83,75.89
95,-400.01,63.36
96,-406.77,51.39
97,-413.16,39.06
98,-408.19,25.68
99,-405.80,12.75
100,-410.00,-0.00
101,-405.80,-12.75
102,-408.19,-25.68
103,-408.18,-38.58
104,-410.74,-51.89
105,-410.88,-65.08
106,-399.79,-76.26
107,-407.93,-91.18
108,-404.87,-103.95
109,-400.44,-116.34
110,-392.79,-127.62
111,-392.35,-141.25
112,-385.86,-152.77
113,-379.95,-164.42
114,-380.93,-179.25
115,-378.68,-192.95
116,-368.93,-202.82
117,-360.65,-213.29
118,-360.53,-228.80
119,-351.51,-238.89
120,-341.41,-248.05
121,-332.66,-258.03
122,-322.85,-267.08
123,-321.80,-283.70
124,-311.27,-292.30
125,-300.52,-300.52
126,-292.30,-311.27
127,-275.77,-312.80
128,-271.54,-328.24
129,-264.78,-341.35
130,-254.51,-350.30
131,-245.07,-360.61
132,-230.94,-363.91
133,-220.41,-372.70
134,-211.49,-384.70
135,-197.49,-387.59
136,-186.92,-397.22
137,-174.35,-402.89
138,-160.87,-406.31
139,-148.37,-412.11
140,-136.59,-420.37
141,-124.71,-429.25
142,-110.17,-429.08
143,-96.64,-432.33
144,-84.70,-443.99
145,-71.65,-452.36
146,-57.53,-455.38
147,-42.54,-449.99
148,-28.32,-450.11
149,-14.45,-459.77
150,0.00,-454.00
151,14.48,-460.77
152,29.20,-464.08
153,43.57,-460.95
154,58.03,-459.35
155,73.99,-467.18
156,87.69,-459.71
157,101.66,-454.78
158,116.88,-455.23
159,130.29,-448.46
160,145.55,-447.95
161,158.53,-440.33
162,173.75,-438.85
163,187.45,-433.18
164,206.50,-438.84
165,216.55,-425.01
166,227.87,-414.49
167,246.38,-416.60
168,255.05,-401.90
169,268.11,-394.52
170,278.61,-383.47
171,293.58,-378.48
172,302.78,-365.99
173,320.74,-363.80
174,327.21,-348.45
175,348.60,-348.60
176,362.30,-340.22
177,369.05,-325.37
178,370.62,-306.60
179,387.18,-300.32
180,397.23,-288.60
181,403.62,-274.30
182,414.57,-263.09
183,414.88,-245.36
184,427.64,-235.10
185,437.48,-222.91
186,438.84,-206.50
187,448.78,-194.21
188,459.31,-181.85
189,461.97,-166.32
190,467.92,-152.04
191,476.31,-138.38
192,471.70,-121.11
193,484.05,-108.20
194,487.21,-92.94
195,483.97,-76.65
196,492.09,-62.17
197,490.81,-46.40
198,485.04,-30.52
199,486.76,-15.30
200,485.00,0.00
201,493.76,15.52
202,494.02,31.08
203,488.82,46.21
204,486.14,61.41
205,480.02,76.03
206,478.37,91.25
207,478.20,106.89
208,474.61,121.86
209,468.62,136.15
210,465.07,151.11
211,453.50,163.27
212,449.08,177.80
213,442.36,191.43
214,443.37,208.63
215,424.12,216.10
216,419.75,230.76
217,407.13,240.78
218,410.34,260.41
219,399.48,271.49
220,382.67,278.02
221,371.37,288.07
222,364.45,301.50
223,351.05,309.49
224,346.99,325.84
225,330.93,330.93
226,316.26,336.78
227,312.14,354.05
228,293.85,355.21
229,284.39,366.63
230,269.79,371.34
231,264.74,389.55
232,240.59,379.10
233,228.56,386.47
234,217.75,396.09
235,202.48,397.39
236,194.58,413.51
237,181.50,419.41
238,167.13,422.12
239,148.71,413.05
240,138.75,427.02
241,124.15,427.33
242,111.16,432.96
243,98.16,439.16
244,82.45,432.21
245,68.99,435.57
246,55.40,438.51
247,41.31,437.05
248,27.38,435.14
249,13.73,436.78
250,0.00,440.00
251,-13.48,428.79
252,-27.50,437.14
253,-41.22,436.06
254,-54.77,433.55
255,-66.48,419.77
256,-80.57,422.38
257,-93.37,417.69
258,-105.94,412.62
259,-119.41,411.01
260,-131.95,406.10
261,-145.32,403.64
262,-156.45,395.16
263,-170.38,393.72
264,-180.96,384.55
265,-192.95,378.68
266,-202.82,368.92
267,-212.27,358.93
268,-226.65,357.15
269,-236.64,348.20
270,-242.76,334.12
271,-256.81,331.08
272,-266.44,322.07
273,-276.43,313.55
274,-291.62,310.54
275,-292.74,292.74
276,-298.88,280.66
277,-313.55,276.43
278,-318.99,263.89
279,-325.54,252.52
280,-330.89,240.40
281,-337.45,229.33
282,-349.55,221.83
283,-357.21,211.25
284,-358.41,197.04
285,-367.99,187.50
286,-370.07,174.14
287,-377.20,163.23
288,-376.56,149.09
289,-382.00,137.53
290,-391.84,127.32
291,-396.60,115.22
292,-398.09,102.21
293,-405.98,90.75
294,-401.76,76.64
295,-401.99,63.67
296,-402.80,50.89
297,-403.20,38.11
298,-406.20,25.56
299,-413.80,13.00
300,-415.00,-0.00
301,-416.79,-13.10
302,-409.19,-25.74
303,-410.17,-38.77
304,-412.72,-52.14
305,-407.92,-64.61
306,-405.68,-77.39
307,-406.96,-90.97
308,-406.80,-104.45
309,-404.28,-117.46
310,-397.54,-129.17
311,-391.41,-140.92
312,-384.00,-152.04
313,-379.03,-164.02
314,-377.31,-177.55
315,-369.77,-188.41
316,-372.43,-204.75
317,-355.49,-210.23
318,-354.62,-225.05
319,-349.86,-237.76
320,-337.36,-245.11
321,-327.91,-254.36
322,-324.39,-268.36
323,-318.80,-281.06
324,-306.90,-288.19
325,-304.76,-304.76
326,-289.56,-308.35
327,-281.06,-318.80
328,-273.46,-330.55
329,-267.23,-344.51
330,-249.81,-343.83
331,-243.38,-358.13
332,-234.69,-369.82
333,-221.94,-375.28
334,-210.53,-382.95
335,-200.21,-392.93
336,-186.49,-396.31
337,-173.16,-400.14
338,-163.82,-413.75
339,-150.40,-417.75
340,-136.89,-421.32
341,-124.15,-427.33
342,-112.16,-436.83
343,-97.07,-434.28
344,-83.95,-440.06
345,-69.61,-439.52
346,-56.53,-447.44
347,-43.20,-456.96
348,-28.57,-454.10
349,-14.17,-450.78
350,-0.00,-455.00
351,14.32,-455.77
352,29.01,-461.09
353,43.76,-462.94
354,59.16,-468.28
355,71.33,-450.39
356,87.69,-459.71
357,102.75,-459.66
358,116.64,-454.27
359,131.68,-453.26
360,146.47,-450.80
361,160.22,-445.04
362,174.86,-441.64
363,186.66,-431.34
364,202.25,-429.79
365,217.01,-425.90
366,234.61,-426.76
367,242.81,-410.57
368,254.52,-401.06
369,270.36,-397.83
370,279.79,-385.09
371,295.42,-380.85
372,312.34,-377.55
373,324.04,-367.55
374,328.58,-349.90
375,348.60,-348.60
376,357.92,-336.11
377,360.80,-318.09
378,379.09,-313.61
379,389.55,-302.16
380,400.46,-290.95
381,410.23,-278.79
382,412.03,-261.48
383,420.90,-248.92
384,436.40,-239.91
385,441.05,-224.73
386,446.08,-209.91
387,454.29,-196.59
388,457.45,-181.12
389,463.85,-167.00
390,468.87,-152.34
391,477.27,-138.66
392,488.17,-125.34
393,474.30,-106.02
394,482.30,-92.00
395,486.93,-77.12
396,487.13,-61.54
397,486.83,-46.02
398,490.03,-30.83
399,484.76,-15.23