0,78.00,0.00
1,81.96,2.58
2,78.84,4.96
3,82.63,7.81
4,77.38,9.78
5,76.05,12.05
6,74.65,14.24
7,75.15,16.80
8,83.30,21.39
9,83.55,24.27
10,78.94,25.65
11,78.09,28.12
12,77.17,30.55
13,77.09,33.36
14,74.20,34.91
15,75.74,38.59
16,72.73,39.99
17,74.02,43.78
18,70.92,45.01
19,72.78,49.46
20,69.58,50.55
21,72.69,56.39
22,72.43,59.92
23,69.76,61.50
24,69.25,65.03
25,67.88,67.88
26,64.35,68.52
27,68.12,77.26
28,68.20,82.44
29,64.36,82.97
30,69.95,96.27
31,69.14,101.73
32,66.98,105.54
33,67.19,113.62
34,66.96,121.81
35,64.92,127.41
36,63.44,134.82
37,64.74,149.59
38,62.95,158.99
39,60.63,168.42
40,57.17,175.95
41,53.57,184.38
42,51.23,199.53
43,47.77,213.73
44,45.53,238.70
45,39.73,250.87
46,35.34,279.78
47,26.82,283.74
48,19.90,316.37
49,11.34,360.82
50,-0.00,367.00
51,-12.38,393.81
52,-24.74,393.22
53,-43.10,455.97
54,-56.53,447.44
55,-73.52,464.21
56,-86.76,454.80
57,-1786.81,7993.73
58,-2037.02,7933.66
59,-150.10,516.64
60,-148.95,458.41
61,-162.93,452.56
62,-160.87,406.31
63,-176.33,407.48
64,-177.55,377.31
65,-178.42,350.17
66,-189.33,344.39
67,-183.76,310.73
68,-184.32,290.45
69,-178.18,262.18
70,-173.98,239.47
71,-164.87,212.55
72,-161.91,195.71
73,-136.89,155.27
74,-130.06,138.50
75,-125.16,125.16
76,-119.55,112.27
77,-121.52,107.13
78,-109.41,90.51
79,-97.98,76.00
80,-93.85,68.18
81,-95.94,65.20
82,-91.19,57.87
83,-87.80,51.92
84,-89.38,49.14
85,-87.32,44.49
86,-83.24,39.17
87,-84.43,36.54
88,-85.54,33.87
89,-85.62,30.83
90,-84.64,27.50
91,-83.55,24.27
92,-79.42,20.39
93,-80.03,17.89
94,-76.62,14.62
95,-72.10,11.42
96,-74.41,9.40
97,-73.67,6.96
98,-71.86,4.52
99,-72.96,2.29
100,-70.00,-0.00
101,-65.97,-2.07
102,-64.87,-4.08
103,-65.71,-6.21
104,-62.50,-7.90
105,-62.22,-9.86
106,-60.90,-11.62
107,-61.48,-13.74
108,-57.15,-14.67
109,-56.66,-16.46
110,-57.06,-18.54
111,-62.10,-22.36
112,-58.58,-23.19
113,-60.57,-26.21
114,-58.81,-27.68
115,-62.37,-31.78
116,-62.22,-34.20
117,-60.25,-35.63
118,-59.95,-38.04
119,-61.20,-41.59
120,-59.87,-43.50
121,-57.68,-44.74
122,-58.56,-48.44
123,-54.01,-47.61
124,-56.86,-53.39
125,-53.03,-53.03
126,-52.71,-56.13
127,-50.26,-57.01
128,-53.54,-64.72
129,-51.48,-66.37
130,-50.55,-69.58
131,-48.90,-71.96
132,-48.22,-75.99
133,-49.89,-84.35
134,-48.18,-87.63
135,-48.12,-94.45
136,-48.96,-104.06
137,-45.67,-105.54
138,-44.17,-111.57
139,-44.71,-124.20
140,-44.19,-136.00
141,-42.41,-145.96
142,-40.04,-155.94
143,-38.18,-170.79
144,-35.42,-185.65
145,-30.19,-190.62
146,-26.82,-212.31
147,-20.23,-214.05
148,-14.94,-237.53
149,-7.66,-243.88
150,0.00,-275.00
151,9.23,-293.85
152,18.46,-293.42
153,30.68,-324.55
154,41.11,-325.41
155,53.97,-340.75
156,67.83,-355.59
157,79.84,-357.19
158,2037.02,-7933.66
159,2285.21,-7865.77
160,840.53,-2586.87
161,802.81,-2229.89
162,3015.31,-7615.80
163,167.60,-387.29
164,150.30,-319.40
165,164.80,-323.44
166,161.39,-293.56
167,156.78,-265.11
168,164.50,-259.21
169,159.07,-234.06
170,163.99,-225.72
171,161.19,-207.81
172,165.09,-199.56
173,152.76,-173.28
174,153.34,-163.29
175,146.37,-146.37
176,147.98,-138.96
177,143.27,-126.31
178,130.22,-107.72
179,130.38,-101.13
180,120.54,-87.58
181,115.79,-78.69
182,116.52,-73.94
183,117.06,-69.23
184,112.17,-61.66
185,105.14,-53.57
186,104.06,-48.96
187,105.54,-45.67
188,100.42,-39.76
189,100.67,-36.25
190,95.11,-30.90
191,90.27,-26.23
192,94.92,-24.37
193,91.74,-20.51
194,92.33,-17.61
195,89.88,-14.24
196,90.28,-11.41
197,87.61,-8.28
198,88.82,-5.59
199,87.96,-2.76
200,89.00,0.00
201,86.96,2.73
202,80.84,5.09
203,79.64,7.53
204,74.41,9.40
205,77.04,12.20
206,76.62,14.62
207,76.12,17.02
208,77.49,19.90
209,73.94,21.48
210,75.13,24.41
211,72.45,26.08
212,73.45,29.08
213,74.34,32.17
214,72.39,34.06
215,73.95,37.68
216,76.24,41.91
217,75.75,44.80
218,74.30,47.15
219,74.44,50.59
220,73.62,53.49
221,74.27,57.61
222,74.74,61.83
223,74.26,65.47
224,72.90,68.45
225,67.88,67.88
226,68.45,72.90
227,68.78,78.01
228,65.02,78.59
229,66.19,85.34
230,67.01,92.23
231,66.33,97.60
232,64.30,101.32
233,66.18,111.90
234,66.48,120.93
235,64.01,125.63
236,63.44,134.82
237,60.76,140.42
238,58.90,148.76
239,58.60,162.77
240,56.55,174.04
241,55.52,191.10
242,54.71,213.09
243,47.77,213.73
244,46.66,244.59
245,42.24,266.68
246,36.10,285.73
247,29.08,307.63
248,20.78,330.35
249,11.03,350.83
250,0.00,375.00
251,-12.34,392.81
252,-25.43,404.20
253,-41.88,443.03
254,-55.77,441.49
255,-72.59,458.29
256,-90.32,473.46
257,-109.29,488.93
258,-131.56,512.38
259,-154.56,532.00
260,-164.71,506.91
261,-162.93,452.56
262,-160.50,405.38
263,-170.77,394.63
264,-177.12,376.41
265,-185.23,363.53
266,-180.66,328.61
267,-179.69,303.84
268,-178.97,282.01
269,-168.62,248.12
270,-163.99,225.72
271,-149.55,192.80
272,-152.98,184.92
273,-139.54,158.27
274,-131.43,139.96
275,-125.86,125.87
276,-120.28,112.95
277,-114.02,100.52
278,-112.49,93.06
279,-106.67,82.74
280,-107.60,78.18
281,-101.73,69.14
282,-94.56,60.01
283,-92.96,54.98
284,-90.26,49.62
285,-86.43,44.04
286,-86.86,40.87
287,-80.76,34.95
288,-85.54,33.87
289,-80.92,29.13
290,-81.79,26.58
291,-78.74,22.88
292,-80.39,20.64
293,-75.15,16.80
294,-74.65,14.24
295,-76.05,12.05
296,-73.42,9.27
297,-71.68,6.78
298,-69.86,4.40
299,-71.96,2.26
300,-70.00,-0.00
301,-70.96,-2.23
302,-65.87,-4.14
303,-65.71,-6.21
304,-67.46,-8.52
305,-63.21,-10.01
306,-64.83,-12.37
307,-60.51,-13.52
308,-59.08,-15.17
309,-56.66,-16.46
310,-57.06,-18.54
311,-60.22,-21.68
312,-58.58,-23.19
313,-55.07,-23.83
314,-58.81,-27.68
315,-57.92,-29.51
316,-57.84,-31.80
317,-56.81,-33.60
318,-54.04,-34.29
319,-57.90,-39.35
320,-59.06,-42.91
321,-56.89,-44.13
322,-55.48,-45.89
323,-56.26,-49.60
324,-57.59,-54.08
325,-55.15,-55.15
326,-56.13,-59.78
327,-55.55,-63.01
328,-54.18,-65.49
329,-53.32,-68.74
330,-51.73,-71.19
331,-51.71,-76.09
332,-50.37,-79.37
333,-51.41,-86.93
334,-48.66,-88.51
335,-48.12,-94.45
336,-48.11,-102.25
337,-46.47,-107.38
338,-46.02,-116.22
339,-43.70,-121.37
340,-42.64,-131.25
341,-39.34,-135.40
342,-38.80,-151.10
343,-36.87,-164.93
344,-32.98,-172.88
345,-28.94,-182.72
346,-25.19,-199.42
347,-20.42,-216.04
348,-15.26,-242.52
349,-8.07,-256.87
350,-0.00,-272.00
351,9.05,-287.86
352,19.53,-310.39
353,30.68,-324.55
354,40.98,-324.42
355,52.41,-330.88
356,66.15,-346.75
357,86.17,-385.49
358,2037.02,-7933.66
359,2285.22,-7865.76
360,843.62,-2596.38
361,796.04,-2211.07
362,3015.31,-7615.80
363,158.86,-367.10
364,159.24,-338.41
365,165.71,-325.22
366,158.98,-289.18
367,167.98,-284.04
368,165.57,-260.90
369,166.38,-244.82
370,168.11,-231.38
371,170.39,-219.66
372,155.53,-188.01
373,154.09,-174.78
374,149.23,-158.92
375,149.91,-149.91
376,136.32,-128.01
377,136.52,-120.36
378,131.76,-109.00
379,123.26,-95.61
380,122.97,-89.34
381,119.10,-80.94
382,119.89,-76.09
383,108.45,-64.14
384,110.41,-60.70
385,111.38,-56.75
386,105.86,-49.82
387,104.62,-45.27
388,102.28,-40.49
389,105.38,-37.94
390,98.91,-32.14
391,96.99,-28.18
392,95.89,-24.62
393,92.71,-20.72
394,90.37,-17.24
395,85.93,-13.61
396,88.30,-11.15
397,84.62,-8.00
398,83.83,-5.27
399,83.96,-2.64