0,520.00,0.00
1,516.74,16.24
2,530.95,33.40
3,513.71,48.56
4,493.08,62.29
5,450.39,71.33
6,415.51,79.26
7,377.68,84.42
8,336.10,86.30
9,324.58,94.30
10,298.63,97.03
11,249.33,89.77
12,218.50,86.51
13,190.89,82.61
14,164.68,77.49
15,141.67,72.18
16,124.44,68.41
17,113.62,67.19
18,100.48,63.76
19,93.46,63.52
20,82.52,59.95
21,74.27,57.61
22,68.58,56.73
23,64.51,56.87
24,58.32,54.76
25,53.03,53.03
26,47.23,50.30
27,43.65,49.51
28,41.43,50.08
29,38.61,49.78
30,33.50,46.11
31,31.48,46.32
32,28.40,44.75
33,26.98,45.62
34,24.57,44.69
35,22.25,43.66
36,20.44,43.43
37,18.27,42.22
38,17.30,43.70
39,14.90,41.40
40,13.60,41.85
41,12.55,43.21
42,11.44,44.55
43,8.94,40.01
44,8.24,43.22
45,6.57,41.48
46,5.01,39.68
47,3.67,38.83
48,2.39,37.93
49,1.23,38.98
50,-0.00,38.00
51,-1.19,37.98
52,-2.39,37.93
53,-3.48,36.84
54,-4.39,34.72
55,-5.63,35.56
56,-7.12,37.33
57,-8.73,39.04
58,-9.95,38.74
59,-11.44,39.37
60,-12.98,39.94
61,-14.23,39.52
62,-15.83,39.98
63,-16.68,38.55
64,-19.16,40.72
65,-20.88,40.99
66,-21.68,39.43
67,-22.91,38.73
68,-25.18,39.68
69,-26.42,38.87
70,-27.63,38.02
71,-29.42,37.93
72,-33.15,40.07
73,-33.07,37.51
74,-36.97,39.36
75,-39.60,39.60
76,-38.64,36.28
77,-45.01,39.68
78,-45.46,37.61
79,-49.78,38.61
80,-54.20,39.38
81,-55.41,37.66
82,-61.64,39.12
83,-68.86,40.72
84,-70.10,38.54
85,-77.52,39.50
86,-83.24,39.17
87,-92.69,40.11
88,-100.42,39.76
89,-112.91,40.65
90,-129.34,42.03
91,-138.28,40.17
92,-153.04,39.29
93,-162.98,36.43
94,-174.85,33.35
95,-198.53,31.44
96,-216.28,27.32
97,-237.94,22.49
98,-257.49,16.20
99,-279.86,8.80
100,-290.00,-0.00
101,-312.85,-9.83
102,-328.35,-20.66
103,-352.43,-33.31
104,-8126.41,-1026.60
105,-3121.09,-494.33
106,-2436.07,-464.70
107,-7993.73,-1786.81
108,-7933.66,-2037.02
109,-7865.77,-2285.22
110,-378.52,-122.99
111,-347.19,-124.99
112,-312.40,-123.69
113,-300.11,-129.87
114,-297.69,-140.08
115,-279.78,-142.55
116,-262.02,-144.04
117,-247.89,-146.60
118,-233.03,-147.89
119,-212.56,-144.46
120,-201.45,-146.36
121,-177.78,-137.90
122,-167.97,-138.96
123,-152.27,-134.25
124,-147.25,-138.28
125,-132.23,-132.23
126,-125.27,-133.40
127,-113.08,-128.27
128,-105.81,-127.91
129,-98.68,-127.21
130,-91.69,-126.21
131,-82.63,-121.58
132,-76.62,-120.74
133,-70.25,-118.78
134,-65.52,-119.18
135,-59.93,-117.61
136,-54.50,-115.82
137,-49.64,-114.72
138,-46.75,-118.08
139,-40.65,-112.91
140,-36.46,-112.22
141,-32.36,-111.39
142,-27.85,-108.48
143,-23.34,-104.42
144,-20.99,-110.02
145,-16.74,-105.68
146,-13.41,-106.16
147,-9.98,-105.53
148,-6.59,-104.79
149,-3.20,-101.95
150,0.00,-100.00
151,3.11,-98.95
152,6.34,-100.80
153,9.41,-99.56
154,12.78,-101.20
155,16.43,-103.71
156,19.30,-101.18
157,22.47,-100.52
158,26.61,-103.64
159,30.69,-105.63
160,33.37,-102.71
161,37.26,-103.50
162,41.23,-104.13
163,46.47,-107.38
164,48.11,-102.25
165,54.48,-106.92
166,56.37,-102.53
167,62.10,-105.01
168,68.05,-107.23
169,75.32,-110.83
170,74.65,-102.75
171,79.68,-102.72
172,86.05,-104.02
173,92.58,-105.02
174,99.94,-106.43
175,103.24,-103.24
176,112.99,-106.10
177,121.52,-107.13
178,127.91,-105.81
179,140.65,-109.10
180,151.29,-109.92
181,166.24,-112.98
182,170.55,-108.24
183,182.48,-107.92
184,199.80,-109.84
185,213.84,-108.96
186,230.73,-108.57
187,254.22,-110.01
188,268.71,-106.39
189,286.97,-103.32
190,311.95,-101.36
191,357.23,-103.78
192,366.12,-94.00
193,394.27,-88.13
194,402.74,-76.83
195,431.62,-68.36
196,443.48,-56.02
197,477.87,-45.17
198,512.99,-32.27
199,524.74,-16.49
200,8191.00,0.00
201,520.74,16.36
202,8174.84,514.31
203,511.72,48.37
204,503.00,63.54
205,452.36,71.65
206,412.56,78.70
207,389.39,87.04
208,349.66,89.78
209,311.14,90.39
210,269.15,87.45
211,245.57,88.41
212,225.01,89.09
213,188.14,81.42
214,162.87,76.64
215,138.11,70.37
216,125.31,68.89
217,105.87,62.61
218,98.79,62.69
219,88.50,60.14
220,76.05,55.25
221,74.27,57.61
222,66.26,54.82
223,60.76,53.57
224,56.13,52.71
225,50.91,50.91
226,49.97,53.21
227,45.63,51.76
228,43.34,52.39
229,38.61,49.78
230,35.85,49.35
231,33.73,49.62
232,28.93,45.59
233,27.49,46.48
234,24.09,43.82
235,23.15,45.44
236,20.86,44.34
237,18.67,43.13
238,17.30,43.70
239,15.24,42.34
240,13.60,41.85
241,11.16,38.41
242,10.45,40.68
243,8.94,40.01
244,7.12,37.33
245,6.26,39.51
246,5.26,41.67
247,3.48,36.84
248,2.32,36.93
249,1.23,38.98
250,0.00,40.00
251,-1.16,36.98
252,-2.51,39.92
253,-3.58,37.83
254,-4.64,36.71
255,-6.10,38.52
256,-8.06,42.24
257,-9.38,41.96
258,-10.94,42.62
259,-11.72,40.33
260,-12.36,38.04
261,-15.24,42.34
262,-15.09,38.12
263,-16.28,37.63
264,-18.73,39.81
265,-19.07,37.42
266,-21.68,39.43
267,-22.40,37.87
268,-24.11,37.99
269,-25.86,38.05
270,-27.04,37.21
271,-28.81,37.14
272,-31.87,38.53
273,-33.07,37.51
274,-35.60,37.91
275,-38.18,38.18
276,-39.36,36.97
277,-42.01,37.03
278,-46.23,38.25
279,-49.78,38.61
280,-54.20,39.38
281,-56.24,38.22
282,-59.10,37.51
283,-68.86,40.72
284,-70.10,38.54
285,-77.52,39.50
286,-85.96,40.45
287,-92.69,40.11
288,-105.06,41.60
289,-112.91,40.65
290,-116.03,37.70
291,-135.40,39.34
292,-145.29,37.30
293,-164.93,36.87
294,-181.72,34.67
295,-198.53,31.44
296,-216.28,27.32
297,-231.97,21.93
298,-273.46,17.20
299,-261.87,8.23
300,-297.00,-0.00
301,-290.86,-9.14
302,-332.34,-20.91
303,-355.42,-33.60
304,-8126.41,-1026.61
305,-3061.83,-484.95
306,-2377.13,-453.46
307,-7993.73,-1786.81
308,-7933.67,-2037.01
309,-7865.76,-2285.22
310,-377.57,-122.68
311,-345.30,-124.32
312,-311.48,-123.32
313,-297.35,-128.68
314,-286.83,-134.97
315,-272.65,-138.92
316,-270.78,-148.86
317,-239.29,-141.51
318,-236.41,-150.03
319,-220.00,-149.51
320,-198.21,-144.01
321,-187.27,-145.26
322,-177.99,-147.24
323,-160.52,-141.52
324,-147.25,-138.28
325,-132.94,-132.94
326,-120.48,-128.30
327,-113.08,-128.27
328,-105.18,-127.13
329,-96.84,-124.84
330,-91.11,-125.40
331,-81.50,-119.93
332,-77.16,-121.58
333,-69.74,-117.92
334,-63.11,-114.80
335,-59.02,-115.83
336,-54.93,-116.72
337,-52.03,-120.23
338,-45.28,-114.36
339,-40.99,-113.85
340,-35.85,-110.32
341,-32.64,-112.35
342,-28.60,-111.39
343,-24.00,-107.35
344,-20.99,-110.02
345,-17.05,-107.66
346,-13.79,-109.13
347,-10.07,-106.53
348,-6.66,-105.79
349,-3.20,-101.95
350,-0.00,-102.00
351,3.17,-100.95
352,6.53,-103.79
353,9.50,-100.55
354,12.91,-102.19
355,16.43,-103.71
356,19.11,-100.19
357,21.81,-97.59
358,27.11,-105.58
359,30.13,-103.71
360,34.61,-106.52
361,36.25,-100.67
362,40.13,-101.35
363,44.88,-103.71
364,49.82,-105.86
365,52.66,-103.36
366,57.81,-105.16
367,60.58,-102.43
368,64.84,-102.16
369,72.51,-106.69
370,75.82,-104.36
371,81.52,-105.09
372,89.24,-107.87
373,93.24,-105.77
374,100.63,-107.16
375,108.19,-108.19
376,114.45,-107.47
377,121.52,-107.13
378,136.38,-112.82
379,141.44,-109.71
380,152.90,-111.09
381,161.28,-109.61
382,173.93,-110.38
383,185.92,-109.95
384,200.67,-110.32
385,219.19,-111.68
386,229.83,-108.15
387,257.89,-111.60
388,270.56,-107.12
389,299.20,-107.72
390,309.09,-100.43
391,328.42,-95.41
392,367.09,-94.25
393,390.37,-87.26
394,421.40,-80.39
395,415.82,-65.86
396,461.33,-58.28
397,475.88,-44.98
398,470.07,-29.57
399,479.76,-15.08
