0,341.00,0.00
1,344.83,10.84
2,351.31,22.10
3,344.46,32.56
4,351.21,44.37
5,356.56,56.47
6,357.55,68.21
7,359.14,80.28
8,358.38,92.02
9,357.23,103.78
10,365.21,118.66
11,363.18,130.75
12,369.12,146.15
13,376.28,162.83
14,376.41,177.12
15,364.42,185.68
16,370.68,203.78
17,361.51,213.80
18,364.75,231.48
19,358.13,243.38
20,357.59,259.80
21,355.57,275.81
22,348.27,288.12
23,337.55,297.59
24,336.05,315.58
25,332.34,332.34
26,319.00,339.70
27,319.41,362.30
28,305.96,369.85
29,302.16,389.55
30,290.95,400.46
31,283.29,416.85
32,270.59,426.39
33,259.10,438.12
34,245.69,446.92
35,241.52,474.02
36,226.51,481.37
37,212.47,491.00
38,201.36,508.59
39,186.64,518.43
40,172.12,529.74
41,159.86,550.25
42,141.75,552.09
43,122.81,549.44
44,106.62,558.92
45,88.85,561.01
46,73.45,581.38
47,54.87,580.41
48,37.05,588.84
49,18.41,585.71
50,-0.00,600.00
51,-18.91,601.70
52,-37.49,595.82
53,-56.94,602.32
54,-75.58,598.25
55,-96.05,606.44
56,-113.55,595.27
57,-131.10,586.53
58,-151.95,591.80
59,-171.58,590.58
60,-192.21,591.56
61,-210.02,583.35
62,-230.08,581.11
63,-245.44,567.17
64,-267.39,568.23
65,-281.02,551.53
66,-308.32,560.84
67,-317.64,537.10
68,-334.36,526.86
69,-354.67,521.89
70,-370.89,510.49
71,-382.45,493.06
72,-392.02,473.87
73,-408.69,463.57
74,-423.05,450.50
75,-438.41,438.41
76,-444.67,417.57
77,-460.57,406.05
78,-468.47,387.55
79,-485.95,376.94
80,-490.26,356.20
81,-497.90,338.37
82,-504.91,320.42
83,-506.12,299.32
84,-520.53,286.16
85,-517.67,263.77
86,-525.70,247.38
87,-527.71,228.36
88,-538.34,213.14
89,-527.83,190.03
90,-536.40,174.29
91,-544.49,158.19
92,-533.69,137.03
93,-533.83,119.32
94,-535.35,102.12
95,-520.51,82.44
96,-520.86,65.80
97,-522.67,49.41
98,-522.97,32.90
99,-515.75,16.21
100,-506.00,-0.00
101,-503.75,-15.83
102,-493.03,-31.02
103,-477.87,-45.17
104,-474.23,-59.91
105,-467.18,-73.99
106,-452.83,-86.38
107,-464.54,-103.84
108,-446.52,-114.65
109,-431.17,-125.27
110,-427.02,-138.75
111,-423.40,-152.43
112,-399.80,-158.29
113,-400.14,-173.16
114,-390.89,-183.94
115,-370.66,-188.86
116,-350.52,-192.70
117,-344.30,-203.62
118,-322.53,-204.69
119,-312.64,-212.47
120,-294.48,-213.95
121,-278.92,-216.36
122,-265.06,-219.27
123,-252.04,-222.20
124,-238.37,-223.85
125,-223.45,-223.45
126,-210.16,-223.79
127,-196.41,-222.78
128,-187.40,-226.53
129,-173.45,-223.61
130,-165.17,-227.33
131,-153.45,-225.79
132,-140.92,-222.06
133,-131.33,-222.07
134,-120.92,-219.95
135,-116.22,-228.10
136,-104.74,-222.59
137,-97.70,-225.77
138,-89.45,-225.94
139,-80.28,-222.99
140,-74.47,-229.20
141,-65.56,-225.67
142,-58.44,-227.62
143,-51.48,-230.32
144,-42.54,-222.98
145,-35.82,-226.18
146,-28.83,-228.19
147,-22.30,-235.95
148,-14.38,-228.55
149,-7.38,-234.88
150,0.00,-232.00
151,7.32,-232.89
152,14.69,-233.54
153,22.21,-234.95
154,29.58,-234.14
155,38.48,-242.97
156,46.85,-245.57
157,55.19,-246.91
158,64.66,-251.83
159,73.65,-253.52
160,84.36,-259.64
161,91.80,-254.98
162,100.87,-254.76
163,111.20,-256.97
164,117.09,-248.83
165,126.21,-247.70
166,132.00,-240.11
167,141.51,-239.29
168,148.96,-234.72
169,158.51,-233.24
170,159.29,-219.24
171,167.94,-216.50
172,174.02,-210.35
173,183.18,-207.78
174,190.30,-202.65
175,192.33,-192.33
176,202.65,-190.30
177,210.78,-185.83
178,215.74,-178.48
179,225.19,-174.68
180,226.52,-164.58
181,234.06,-159.07
182,242.32,-153.78
183,253.06,-149.66
184,260.26,-143.08
185,269.97,-137.56
186,272.35,-128.16
187,278.08,-120.34
188,275.21,-108.96
189,289.79,-104.33
190,296.73,-96.41
191,299.61,-87.05
192,300.26,-77.09
193,303.51,-67.84
194,307.46,-58.65
195,323.96,-51.31
196,321.45,-40.61
197,326.54,-30.87
198,323.36,-20.34
199,331.84,-10.43
200,337.00,0.00
201,342.83,10.77
202,346.32,21.79
203,355.42,33.60
204,356.17,44.99
205,359.52,56.94
206,360.50,68.77
207,360.11,80.49
208,357.41,91.77
209,371.63,107.97
210,358.55,116.50
211,362.24,130.41
212,372.84,147.62
213,366.18,158.46
214,369.17,173.72
215,364.42,185.68
216,362.79,199.45
217,364.09,215.32
218,357.15,226.65
219,354.82,241.13
220,356.78,259.21
221,349.25,270.90
222,350.58,290.03
223,342.05,301.56
224,334.60,314.21
225,330.93,330.93
226,323.11,344.07
227,315.45,357.80
228,306.60,370.62
229,300.94,387.97
230,293.30,403.70
231,281.04,413.54
232,272.74,429.76
233,263.17,445.00
234,245.21,446.04
235,237.44,466.00
236,228.22,484.99
237,212.47,491.00
238,202.84,512.31
239,186.98,519.37
240,170.27,524.03
241,153.72,529.12
242,140.26,546.28
243,124.34,556.27
244,105.50,553.03
245,90.11,568.91
246,72.69,575.43
247,54.02,571.45
248,36.98,587.84
249,18.47,587.71
250,0.00,593.00
251,-18.94,602.70
252,-38.05,604.80
253,-57.50,608.29
254,-76.83,608.17
255,-94.33,595.58
256,-115.43,605.09
257,-134.81,603.12
258,-151.95,591.80
259,-171.58,590.58
260,-190.35,585.85
261,-211.71,588.05
262,-227.87,575.53
263,-245.44,567.17
264,-264.41,561.90
265,-284.20,557.77
266,-301.58,548.57
267,-321.20,543.13
268,-338.64,533.62
269,-349.62,514.44
270,-369.72,508.87
271,-383.68,494.64
272,-393.29,475.41
273,-413.98,469.57
274,-426.47,454.15
275,-444.06,444.06
276,-453.42,425.79
277,-451.57,398.11
278,-470.01,388.83
279,-481.99,373.87
280,-481.37,349.73
281,-502.04,341.18
282,-507.44,322.03
283,-513.00,303.39
284,-524.03,288.09
285,-516.78,263.31
286,-519.37,244.40
287,-526.79,227.96
288,-525.32,207.99
289,-523.13,188.34
290,-527.84,171.50
291,-533.92,155.12
292,-532.72,136.78
293,-533.83,119.32
294,-530.44,101.19
295,-520.51,82.44
296,-521.85,65.93
297,-519.68,49.12
298,-519.97,32.71
299,-507.75,15.96
300,-511.00,-0.00
301,-502.75,-15.80
302,-484.04,-30.45
303,-485.83,-45.92
304,-485.14,-61.29
305,-472.11,-74.78
306,-476.41,-90.88
307,-451.85,-101.00
308,-444.58,-114.15
309,-440.77,-128.06
310,-427.98,-139.06
311,-421.51,-151.75
312,-402.59,-159.40
313,-395.55,-171.17
314,-390.89,-183.94
315,-376.00,-191.58
316,-362.79,-199.45
317,-345.16,-204.13
318,-327.60,-207.90
319,-313.46,-213.03
320,-295.29,-214.54
321,-285.25,-221.26
322,-268.14,-221.82
323,-255.04,-224.85
324,-239.83,-225.22
325,-224.86,-224.86
326,-210.16,-223.79
327,-197.07,-223.53
328,-188.68,-228.07
329,-174.07,-224.40
330,-164.58,-226.52
331,-152.89,-224.97
332,-140.39,-221.21
333,-135.91,-229.82
334,-124.29,-226.09
335,-113.95,-223.64
336,-106.02,-225.30
337,-98.49,-227.60
338,-89.82,-226.87
339,-81.64,-226.75
340,-74.78,-230.16
341,-66.68,-229.51
342,-59.69,-232.46
343,-50.61,-226.41
344,-43.66,-228.87
345,-35.51,-224.21
346,-29.08,-230.17
347,-21.93,-231.97
348,-14.25,-226.55
349,-7.22,-229.89
350,-0.00,-234.00
351,7.38,-234.88
352,14.63,-232.54
353,22.12,-233.96
354,29.95,-237.12
355,37.86,-239.02
356,46.85,-245.57
357,54.10,-242.03
358,64.16,-249.89
359,73.65,-253.52
360,82.82,-254.88
361,92.48,-256.86
362,100.50,-253.83
363,108.82,-251.46
364,115.39,-245.21
365,124.39,-244.14
366,131.04,-238.36
367,141.51,-239.29
368,148.42,-233.88
369,152.32,-224.14
370,161.05,-221.67
371,167.94,-216.50
372,176.57,-213.43
373,182.52,-207.03
374,188.94,-201.20
375,194.45,-194.45
376,199.01,-186.88
377,210.03,-185.17
378,222.68,-184.22
379,225.98,-175.29
380,231.38,-168.11
381,234.89,-159.63
382,243.17,-154.32
383,253.06,-149.66
384,255.01,-140.19
385,258.39,-131.66
386,268.73,-126.46
387,273.49,-118.35
388,278.93,-110.44
389,286.03,-102.98
390,291.02,-94.56
391,295.77,-85.93
392,298.32,-76.60
393,300.58,-67.19
394,314.33,-59.96
395,313.10,-49.59
396,317.48,-40.11
397,333.51,-31.53
398,333.34,-20.97
399,332.84,-10.46